"STATION","DATE","LATITUDE","LONGITUDE","ELEVATION","NAME","CDSD","CDSD_ATTRIBUTES","CLDD","CLDD_ATTRIBUTES","DP01","DP01_ATTRIBUTES","DP10","DP10_ATTRIBUTES","DP1X","DP1X_ATTRIBUTES","DSND","DSND_ATTRIBUTES","DT00","DT00_ATTRIBUTES","DT32","DT32_ATTRIBUTES","DX32","DX32_ATTRIBUTES","DX70","DX70_ATTRIBUTES","DX90","DX90_ATTRIBUTES","EMNT","EMNT_ATTRIBUTES","EMSD","EMSD_ATTRIBUTES","EMXP","EMXP_ATTRIBUTES","EMXT","EMXT_ATTRIBUTES","FZF0","FZF0_ATTRIBUTES","FZF1","FZF1_ATTRIBUTES","FZF2","FZF2_ATTRIBUTES","FZF3","FZF3_ATTRIBUTES","FZF4","FZF4_ATTRIBUTES","FZF5","FZF5_ATTRIBUTES","FZF6","FZF6_ATTRIBUTES","FZF7","FZF7_ATTRIBUTES","FZF8","FZF8_ATTRIBUTES","FZF9","FZF9_ATTRIBUTES","HDSD","HDSD_ATTRIBUTES","HTDD","HTDD_ATTRIBUTES","PRCP","PRCP_ATTRIBUTES","TAVG","TAVG_ATTRIBUTES","TMAX","TMAX_ATTRIBUTES","TMIN","TMIN_ATTRIBUTES"
"GME00127186","1879","48.5817","13.4167","327.0","PASSAU MAIERHOF, GM","","","","","       168","E","        92","E","         1","E","","","","","","","","","","","","","","","","","  41.9"," ,E,1231, ","","","","","","","","","","","","","","","","","","","","","","","","","","","    816.6"," ,E","","","","","",""
"GME00127186","1880","48.5817","13.4167","327.0","PASSAU MAIERHOF, GM","","","","","       180","E","       104","E","         5","E","","","","","","","","","","","","","","","","","  45.3"," ,E,1213, ","","","","","","","","","","","","","","","","","","","","","","","","","","","   1000.4"," ,E","","","","","",""
"GME00127186","1881","48.5817","13.4167","327.0","PASSAU MAIERHOF, GM","","","","","       158","E","        84","E","         4","E","","","","","","","","","","","","","","","","","  37.8"," ,E,0902, ","","","","","","","","","","","","","","","","","","","","","","","","","","","    789.6"," ,E","","","","","",""
"GME00127186","1882","48.5817","13.4167","327.0","PASSAU MAIERHOF, GM","","","","","       180","E","       113","E","         5","E","","","","","","","","","","","","","","","","","  41.4"," ,E,1231, ","","","","","","","","","","","","","","","","","","","","","","","","","","","    994.4"," ,E","","","","","",""
"GME00127186","1883","48.5817","13.4167","327.0","PASSAU MAIERHOF, GM","","","","","       169","E","        90","E","         0","E","","","","","","","","","","","","","","","","","  24.2"," ,E,0618, ","","","","","","","","","","","","","","","","","","","","","","","","","","","    766.9"," ,E","","","","","",""
"GME00127186","1884","48.5817","13.4167","327.0","PASSAU MAIERHOF, GM","","","","","       164","E","        92","E","         2","E","","","","","","","","","","","","","","","","","  28.1"," ,E,0621, ","","","","","","","","","","","","","","","","","","","","","","","","","","","    765.0"," ,E","","","","","",""
"GME00127186","1885","48.5817","13.4167","327.0","PASSAU MAIERHOF, GM","","","","","       143","E","        68","E","         1","E","","","","","","","","","","","","","","","","","  27.2"," ,E,0514, ","","","","","","","","","","","","","","","","","","","","","","","","","","","    645.1"," ,E","","","","","",""
"GME00127186","1886","48.5817","13.4167","327.0","PASSAU MAIERHOF, GM","","","","","       165","E","        86","E","         5","E","","","","","","","","","","","","","","","","","  40.4"," ,E,0811, ","","","","","","","","","","","","","","","","","","","","","","","","","","","    773.8"," ,E","","","","","",""
"GME00127186","1887","48.5817","13.4167","327.0","PASSAU MAIERHOF, GM","","","","","       149","E","        77","E","         1","E","","","","","","","","","","","","","","","","","  29.2"," ,E,0722, ","","","","","","","","","","","","","","","","","","","","","","","","","","","    643.1"," ,E","","","","","",""
"GME00127186","1888","48.5817","13.4167","327.0","PASSAU MAIERHOF, GM","","","","","       151","E","        90","E","         4","E","","","","","","","","","","","","","","","","","  50.4"," ,E,0902, ","","","","","","","","","","","","","","","","","","","","","","","","","","","    935.1"," ,E","","","","","",""
"GME00127186","1889","48.5817","13.4167","327.0","PASSAU MAIERHOF, GM","","","","","       169","E","        87","E","         2","E","       98","","","","","","","","","","","","","","   360"," ,E,0301, ","  43.3"," ,E,0713, ","","","","","","","","","","","","","","","","","","","","","","","","","","","    739.4"," ,E","","","","","",""
"GME00127186","1890","48.5817","13.4167","327.0","PASSAU MAIERHOF, GM","","","","","       144","E","        86","E","         5","E","       34","","","","","","","","","","","","","","   220"," ,E,0307,+","  43.2"," ,E,0901, ","","","","","","","","","","","","","","","","","","","","","","","","","","","    923.7"," ,E","","","","","",""
"GME00127186","1891","48.5817","13.4167","327.0","PASSAU MAIERHOF, GM","","","","","       158","E","        83","E","         4","E","       71","","","","","","","","","","","","","","   360"," ,E,0116, ","  43.4"," ,E,0701, ","","","","","","","","","","","","","","","","","","","","","","","","","","","    768.9"," ,E","","","","","",""
"GME00127186","1892","48.5817","13.4167","327.0","PASSAU MAIERHOF, GM","","","","","       155","E","        85","E","         4","E","       77","","","","","","","","","","","","","","   380"," ,E,0217, ","  45.3"," ,E,0903, ","","","","","","","","","","","","","","","","","","","","","","","","","","","    862.4"," ,E","","","","","",""
"GME00127186","1893","48.5817","13.4167","327.0","PASSAU MAIERHOF, GM","","","","","       150","E","        90","E","         3","E","       66","","","","","","","","","","","","","","   680"," ,E,0125, ","  37.3"," ,E,0518, ","","","","","","","","","","","","","","","","","","","","","","","","","","","    786.4"," ,E","","","","","",""
"GME00127186","1894","48.5817","13.4167","327.0","PASSAU MAIERHOF, GM","","","","","       177","E","        97","E","         4","E","       56","","","","","","","","","","","","","","   150"," ,E,1231,+","  29.0"," ,E,0807, ","","","","","","","","","","","","","","","","","","","","","","","","","","","    973.4"," ,E","","","","","",""
"GME00127186","1895","48.5817","13.4167","327.0","PASSAU MAIERHOF, GM","","","","","       161","E","        95","E","         4","E","      103","","","","","","","","","","","","","","   700"," ,E,0307, ","  36.9"," ,E,0620, ","","","","","","","","","","","","","","","","","","","","","","","","","","","    947.5"," ,E","","","","","",""
"GME00127186","1896","48.5817","13.4167","327.0","PASSAU MAIERHOF, GM","","","","","       163","E","       102","E","         4","E","       42","","","","","","","","","","","","","","   150"," ,E,0129,+","  31.2"," ,E,0813, ","","","","","","","","","","","","","","","","","","","","","","","","","","","    910.2"," ,E","","","","","",""
"GME00127186","1897","48.5817","13.4167","327.0","PASSAU MAIERHOF, GM","","","","","       166","E","       105","E","         2","E","       33","","","","","","","","","","","","","","   440"," ,E,0130, ","  36.8"," ,E,0916, ","","","","","","","","","","","","","","","","","","","","","","","","","","","   1003.6"," ,E","","","","","",""
"GME00127186","1898","48.5817","13.4167","327.0","PASSAU MAIERHOF, GM","","","","","       147","E","        80","E","         1","E","       19","","","","","","","","","","","","","","   150"," ,E,0219,+","  52.8"," ,E,0629, ","","","","","","","","","","","","","","","","","","","","","","","","","","","    642.5"," ,E","","","","","",""
"GME00127186","1899","48.5817","13.4167","327.0","PASSAU MAIERHOF, GM","","","","","       155","E","        94","E","         2","E","","","","","","","","","","","","","","","","","  46.2"," ,E,0706, ","","","","","","","","","","","","","","","","","","","","","","","","","","","    889.3"," ,E","","","","","",""
"GME00127186","1900","48.5817","13.4167","327.0","PASSAU MAIERHOF, GM","","","","","       152","E","        82","E","         2","E","","","","","","","","","","","","","","","","","  27.5"," ,E,1204, ","","","","","","","","","","","","","","","","","","","","","","","","","","","    795.5"," ,E","","","","","",""
"GME00127186","1901","48.5817","13.4167","327.0","PASSAU MAIERHOF, GM","","","","","       152","E","        72","E","         4","E","       63","","","","","","","","","","","","","","   260"," ,E,0220,+","  40.0"," ,E,0701, ","","","","","","","","","","","","","","","","","","","","","","","","","","","    833.8"," ,E","","","","","",""
"GME00127186","1902","48.5817","13.4167","327.0","PASSAU MAIERHOF, GM","","","","","       171","E","        96","E","         2","E","        9","","","","","","","","","","","","","","    80"," ,E,0116, ","  36.1"," ,E,0616, ","","","","","","","","","","","","","","","","","","","","","","","","","","","    877.9"," ,E","","","","","",""
"GME00127186","1903","48.5817","13.4167","327.0","PASSAU MAIERHOF, GM","","","","","       156","E","        95","E","         2","E","       10","","","","","","","","","","","","","","   100"," ,E,0203, ","  30.9"," ,E,0724, ","","","","","","","","","","","","","","","","","","","","","","","","","","","    894.4"," ,E","","","","","",""
"GME00127186","1904","48.5817","13.4167","327.0","PASSAU MAIERHOF, GM","","","","","       144","E","        80","E","         2","E","       16","","","","","","","","","","","","","","   140"," ,E,1201, ","  29.0"," ,E,0702, ","","","","","","","","","","","","","","","","","","","","","","","","","","","    744.3"," ,E","","","","","",""
"GME00127186","1905","48.5817","13.4167","327.0","PASSAU MAIERHOF, GM","","","","","       157","E","        91","E","         2","E","       41","","","","","","","","","","","","","","   240"," ,E,0129, ","  59.3"," ,E,0806, ","","","","","","","","","","","","","","","","","","","","","","","","","","","    818.5"," ,E","","","","","",""
"GME00127186","1906","48.5817","13.4167","327.0","PASSAU MAIERHOF, GM","","","","","       176","E","        97","E","         1","E","       49","","","","","","","","","","","","","","   170"," ,E,0209, ","  26.2"," ,E,0921, ","","","","","","","","","","","","","","","","","","","","","","","","","","","    894.6"," ,E","","","","","",""
"GME00127186","1907","48.5817","13.4167","327.0","PASSAU MAIERHOF, GM","","","","","       155","E","        88","E","         3","E","       67","","","","","","","","","","","","","","   260"," ,E,0226, ","  33.0"," ,E,0901, ","","","","","","","","","","","","","","","","","","","","","","","","","","","    787.1"," ,E","","","","","",""
"GME00127186","1908","48.5817","13.4167","327.0","PASSAU MAIERHOF, GM","","","","","       138","E","        80","E","         2","E","       40","","","","","","","","","","","","","","   150"," ,E,0205,+","  29.5"," ,E,0830, ","","","","","","","","","","","","","","","","","","","","","","","","","","","    628.9"," ,E","","","","","",""
"GME00127186","1909","48.5817","13.4167","327.0","PASSAU MAIERHOF, GM","","","","","       148","E","        99","E","         5","E","       52","","","","","","","","","","","","","","   500"," ,E,0203, ","  73.0"," ,E,0204, ","","","","","","","","","","","","","","","","","","","","","","","","","","","    946.8"," ,E","","","","","",""
"GME00127186","1910","48.5817","13.4167","327.0","PASSAU MAIERHOF, GM","","","","","       175","E","       107","E","         2","E","       41","","","","","","","","","","","","","","   180"," ,E,1122, ","  29.5"," ,E,0624, ","","","","","","","","","","","","","","","","","","","","","","","","","","","   1001.4"," ,E","","","","","",""
"GME00127186","1911","48.5817","13.4167","327.0","PASSAU MAIERHOF, GM","","","","","       137","E","        74","E","         1","E","       51","","","","","","","","","","","","","","   270"," ,E,0208, ","  26.0"," ,E,0604, ","","","","","","","","","","","","","","","","","","","","","","","","","","","    604.3"," ,E","","","","","",""
"GME00127186","1912","48.5817","13.4167","327.0","PASSAU MAIERHOF, GM","","","","","       179","E","       102","E","         2","E","       41","","","","","","","","","","","","","","   270"," ,E,0204,+","  46.0"," ,E,0721, ","","","","","","","","","","","","","","","","","","","","","","","","","","","    962.1"," ,E","","","","","",""
"GME00127186","1913","48.5817","13.4167","327.0","PASSAU MAIERHOF, GM","","","","","       156","E","        92","E","         4","E","       23","","","","","","","","","","","","","","   160"," ,E,0113, ","  41.9"," ,E,0905, ","","","","","","","","","","","","","","","","","","","","","","","","","","","    854.4"," ,E","","","","","",""
"GME00127186","1914","48.5817","13.4167","327.0","PASSAU MAIERHOF, GM","","","","","       149","E","        94","E","         2","E","       56","","","","","","","","","","","","","","   230"," ,E,0110,+","  32.6"," ,E,0716, ","","","","","","","","","","","","","","","","","","","","","","","","","","","    882.5"," ,E","","","","","",""
"GME00127186","1915","48.5817","13.4167","327.0","PASSAU MAIERHOF, GM","","","","","       172","E","       117","E","         8","E","       50","","","","","","","","","","","","","","   250"," ,E,0203,+","  35.7"," ,E,0305, ","","","","","","","","","","","","","","","","","","","","","","","","","","","   1181.1"," ,E","","","","","",""
"GME00127186","1934","48.5817","13.4167","327.0","PASSAU MAIERHOF, GM","","","","","       125","E","        68","E","         4","E","","","","","","","","","","","","","","","","","  64.0"," ,E,0409, ","","","","","","","","","","","","","","","","","","","","","","","","","","","    730.2"," ,E","","","","","",""
"GME00127186","1935","48.5817","13.4167","327.0","PASSAU MAIERHOF, GM","","","","","       153","E","        92","E","         3","E","","","","","","","","","","","","","","","","","  38.4"," ,E,0702, ","","","","","","","","","","","","","","","","","","","","","","","","","","","    904.9"," ,E","","","","","",""
"GME00127186","1936","48.5817","13.4167","327.0","PASSAU MAIERHOF, GM","     52.7","","      52.7","E","       162","E","        93","E","         4","E","       17","","         2","E","       122","E","        15","E","        88","E","         0","E","  -20.8","E,0211, ","    60"," ,E,0210, ","  60.8"," ,E,0605, ","   31.5","E,0718, ","-1.9","E,0929","-2.5","E,1010","-5.3","E,1123","-12.1","E,1228","-12.1","E,1228","-1.3","E,0422","-2.7","E,0420","-4.8","E,0319","-13.2","E,0215","-13.2","E,0215","","","","","    920.3"," ,E","      8.57","E","     13.49","E","      3.66","E"
"GME00127186","1937","48.5817","13.4167","327.0","PASSAU MAIERHOF, GM","     72.6","","      72.6","E","       165","E","        93","E","         3","E","       43","","         0","E","       120","E","        24","E","       105","E","         1","E","  -14.6","E,0128, ","   200"," ,E,0201,+","  28.2"," ,E,0820, ","   32.9","E,0610, ","-1.7","E,1020","-2.3","E,1115","-4.6","E,1126","-7.2","E,1221","-12.1","E,1222","0.0","E,0427","-3.2","E,0329","-6.9","E,0215","-6.9","E,0215","-10.2","E,0214","    3645.8","8","    3645.8","E","    783.1"," ,E","      8.92","E","     14.03","E","      3.82","E"
"GME00127186","1938","48.5817","13.4167","327.0","PASSAU MAIERHOF, GM","     79.8","","      79.8","E","       149","E","        94","E","         1","E","       22","","         3","E","       127","E","        22","E","        92","E","         0","E","  -22.7","E,1227, ","   240"," ,E,1231, ","  29.2"," ,E,0716, ","   31.2","E,0804, ","-1.4","E,1022","-4.0","E,1024","-4.4","E,1208","-10.0","E,1217","-10.0","E,1217","0.0","E,0514","-2.4","E,0506","-5.4","E,0420","-7.8","E,0226","-10.0","E,0111","    3596.7","7","    3596.7","E","    772.0"," ,E","      8.60","E","     13.94","E","      3.26","E"
"GME00127186","1939","48.5817","13.4167","327.0","PASSAU MAIERHOF, GM","     56.1","","      56.1","E","       164","E","        89","E","         3","E","       79","","         3","E","       139","E","        23","E","        91","E","         0","E","  -28.2","E,1229, ","   290"," ,E,0107, ","  34.8"," ,E,1126, ","   30.6","E,0730, ","-1.8","E,0928","-2.7","E,0929","-4.7","E,1102","-6.8","E,1124","-9.4","E,1211","-2.0","E,0420","-2.2","E,0325","-4.6","E,0321","-12.3","E,0319","-12.3","E,0319","    3683.9","9","    3683.9","E","    881.8"," ,E","      7.98","E","     13.25","E","      2.71","E"
"GME00127186","1940","48.5817","13.4167","327.0","PASSAU MAIERHOF, GM","     25.6","","      25.6","E","       164","E","        91","E","         5","E","       81","","        25","E","       142","E","        61","E","        83","E","         0","E","  -25.5","E,0221, ","   470"," ,E,0220,+","  40.3"," ,E,1231, ","   30.1","E,0810,+","-0.8","E,1018","-2.8","E,1019","-4.5","E,1110","-9.2","E,1202","-9.2","E,1202","0.0","E,0420","-3.6","E,0411","-4.5","E,0408","-6.7","E,0316","-11.9","E,0309","    4260.8","8","    4260.8","E","    884.5"," ,E","      6.64","E","     11.92","E","      1.37","E"
"GME00127186","1941","48.5817","13.4167","327.0","PASSAU MAIERHOF, GM","     52.3","","      52.3","E","       181","E","       108","E","         2","E","       77","","         5","E","       142","E","        37","E","        76","E","         0","E","  -22.8","E,0116, ","   430"," ,E,0120, ","  27.9"," ,E,0812, ","   31.9","E,0713, ","0.0","E,1013","-3.5","E,1101","-5.5","E,1102","-9.2","E,1129","-9.2","E,1129","-1.5","E,0517","-3.4","E,0509","-4.4","E,0325","-8.6","E,0319","-10.0","E,0227","    4096.1","1","    4096.1","E","    935.5"," ,E","      7.27","E","     12.10","E","      2.43","E"
"GME00127186","1942","48.5817","13.4167","327.0","PASSAU MAIERHOF, GM","     71.0","","      71.0","E","       147","E","        84","E","         3","E","       78","","        19","E","       136","E","        45","E","       105","E","         0","E","  -28.6","E,0122, ","   680"," ,E,0217, ","  33.7"," ,E,0511, ","   30.8","E,0830, ","-0.1","E,1115","-5.5","E,1124","-5.5","E,1124","-11.4","E,1125","-11.4","E,1125","-0.8","E,0505","-2.8","E,0502","-10.0","E,0314","-10.0","E,0314","-10.0","E,0314","    4283.2","2","    4283.2","E","    742.8"," ,E","      7.51","E","     12.72","E","      2.29","E"
"GME00127186","1943","48.5817","13.4167","327.0","PASSAU MAIERHOF, GM","     77.1","","      77.1","E","       154","E","        87","E","         0","E","       37","","         3","E","       125","E","        13","E","        93","E","         6","E","  -25.9","E,0111, ","   260"," ,E,0111,+","  22.6"," ,E,0614, ","   34.5","E,0820, ","-0.5","E,1014","-3.8","E,1107","-5.8","E,1118","-7.6","E,1215","","","0.0","E,0511","-2.2","E,0325","-4.5","E,0305","-6.8","E,0210","-8.9","E,0209","    3446.2","2","    3446.2","E","    752.5"," ,E","      8.91","E","     14.28","E","      3.53","E"
"GME00127186","1944","48.5817","13.4167","327.0","PASSAU MAIERHOF, GM","     76.1","","      76.1","E","       182","E","       111","E","         5","E","       51","","         0","E","       135","E","        20","E","        89","E","         0","E","  -16.8","E,0224, ","   330"," ,E,0215, ","  38.6"," ,E,0722, ","   32.0","E,0823,+","-0.8","E,1005","-2.5","E,1114","-6.5","E,1211","-10.5","E,1223","-10.5","E,1223","-1.5","E,0510","-5.2","E,0403","-5.2","E,0403","-7.5","E,0309","-9.3","E,0228","    3694.0","0","    3694.0","E","   1098.7"," ,E","      8.22","E","     12.91","E","      3.52","E"
"GME00127186","1945","48.5817","13.4167","327.0","PASSAU MAIERHOF, GM","","","","","       160","E","        97","E","         3","E","","","","","","","","","","","","","","","","","  58.8"," ,E,0531, ","","","","","","","","","","","","","","","","","","","","","","","","","","","    918.1"," ,E","","","","","",""
"GME00127186","1946","48.5817","13.4167","327.0","PASSAU MAIERHOF, GM","     88.2","","      88.2","E","       148","E","        93","E","         2","E","       28","","         1","E","       136","E","        22","E","       119","E","         2","E","  -18.5","E,1219, ","   170"," ,E,1231,+","  30.2"," ,E,0707, ","   34.0","E,0727, ","-1.1","E,1011","-2.5","E,1019","-6.3","E,1025","-7.0","E,1026","-9.5","E,1215","0.0","E,0425","-2.5","E,0330","-6.5","E,0319","-9.6","E,0222","-9.6","E,0222","    3406.5","5","    3406.5","E","    855.3"," ,E","      8.89","E","     14.43","E","      3.35","E"
"GME00127186","1947","48.5817","13.4167","327.0","PASSAU MAIERHOF, GM","    162.4","","     162.4","E","       138","E","        80","E","         5","E","       79","","        14","E","       136","E","        39","E","       139","E","        11","E","  -23.9","E,0107, ","   420"," ,E,0226, ","  44.8"," ,E,1222, ","   35.0","E,0729, ","-2.1","E,1001","-4.5","E,1004","-4.5","E,1004","-8.9","E,1127","-8.9","E,1127","-1.3","E,0414","-2.4","E,0413","-10.0","E,0316","-10.0","E,0316","-10.0","E,0316","    3933.2","2","    3933.2","E","    796.8"," ,E","      8.50","E","     14.77","E","      2.22","E"
"GME00127186","1948","48.5817","13.4167","327.0","PASSAU MAIERHOF, GM","     65.9","","      65.9","E","       137","E","        95","E","         2","E","       14","","         0","E","       131","E","        11","E","        86","E","         0","E","  -17.5","E,0225, ","   110"," ,E,0123, ","  32.9"," ,E,0102, ","   31.8","E,0808, ","-0.9","E,0924","-2.5","E,1109","-5.0","E,1110","-8.5","E,1125","-9.2","E,1127","-2.0","E,0427","-3.5","E,0329","-4.4","E,0328","-8.3","E,0228","-10.7","E,0227","    3301.3","3","    3301.3","E","    917.6"," ,E","      8.74","E","     14.19","E","      3.29","E"
"GME00127186","1949","48.5817","13.4167","327.0","PASSAU MAIERHOF, GM","","","","","       136","E","        73","E","         2","E","        5","","","","","","        15","E","        98","E","         1","E","","","    60"," ,E,0115,+","  41.2"," ,E,0521, ","   33.5","E,0809, ","","","","","","","","","","","","","","","","","","","","","    3812.6","6","    3812.6","E","    733.6"," ,E","","","     14.27","E","",""
"GME00127186","1950","48.5817","13.4167","327.0","PASSAU MAIERHOF, GM","    115.0","","     115.0","E","       158","E","        88","E","         1","E","       31","","         0","E","       125","E","        26","E","       112","E","         5","E","  -16.6","E,0130, ","   210"," ,E,1221, ","  27.4"," ,E,0814, ","   35.9","E,0705, ","0.0","E,1022","-3.9","E,1023","-5.9","E,1207","-8.7","E,1213","-9.4","E,1214","-1.0","E,0426","-2.6","E,0408","-5.5","E,0304","-8.8","E,0206","-10.8","E,0205","","","","","    769.5"," ,E","      8.95","E","     14.22","E","      3.67","E"
"GME00127186","1951","48.5817","13.4167","327.0","PASSAU MAIERHOF, GM","     84.3","","      84.3","E","       143","E","        86","E","         2","E","       27","","         0","E","       130","E","        14","E","        88","E","         0","E","  -12.4","E,0102, ","   190"," ,E,0118, ","  44.3"," ,E,0802, ","   31.2","E,0802,+","-0.4","E,1007","-2.6","E,1010","-6.5","E,1213","-8.2","E,1214","-9.0","E,1215","-0.7","E,0513","-3.5","E,0424","-5.5","E,0322","-9.4","E,0306","-9.4","E,0306","    3673.7","7","    3673.7","E","    723.6"," ,E","      8.95","E","     13.95","E","      3.95","E"
"GME00127186","1952","48.5817","13.4167","327.0","PASSAU MAIERHOF, GM","    122.1","","     122.1","E","       176","E","        97","E","         3","E","       62","","         0","E","       119","E","        35","E","        98","E","         8","E","  -16.5","E,0129, ","   270"," ,E,0219,+","  29.0"," ,E,1110, ","   34.2","E,0704, ","-0.3","E,0929","-3.0","E,1019","-6.2","E,1116","-8.0","E,1117","-9.7","E,1217","-0.2","E,0522","-2.9","E,0405","-5.2","E,0403","-7.5","E,0316","-11.0","E,0308","    3510.7","7","    3510.7","E","    967.9"," ,E","      8.30","E","     12.75","E","      3.84","E"
"GME00127186","1953","48.5817","13.4167","327.0","PASSAU MAIERHOF, GM","     74.6","","      74.6","E","       122","E","        60","E","         0","E","       48","","         1","E","       125","E","        31","E","       104","E","         0","E","  -20.9","E,0209, ","   240"," ,E,0210, ","  23.6"," ,E,0622, ","   31.9","E,0718, ","-2.2","E,1010","-2.2","E,1010","-5.5","E,1118","-9.3","E,1125","-9.3","E,1125","-0.5","E,0514","-2.3","E,0421","-5.0","E,0315","-10.7","E,0218","-10.7","E,0218","    3733.3","3","    3733.3","E","    540.1"," ,E","      8.83","E","     13.98","E","      3.68","E"
"GME00127186","1954","48.5817","13.4167","327.0","PASSAU MAIERHOF, GM","     46.8","","      46.8","E","       165","E","        98","E","         5","E","       27","","         1","E","       109","E","        33","E","        72","E","         0","E","  -18.0","E,0222, ","   390"," ,E,0112, ","  50.1"," ,E,0708, ","   29.3","E,0803, ","-1.3","E,1010","-2.2","E,1119","-6.6","E,1120","-7.4","E,1121","","","-1.0","E,0428","-2.5","E,0318","-6.7","E,0308","-6.7","E,0308","-10.5","E,0225","    3782.4","4","    3782.4","E","   1056.1"," ,E","      7.90","E","     12.26","E","      3.54","E"
"GME00127186","1955","48.5817","13.4167","327.0","PASSAU MAIERHOF, GM","     34.8","","      34.8","E","       171","E","        95","E","         4","E","       38","","         0","E","       131","E","        26","E","        79","E","         0","E","  -16.3","E,0304, ","   220"," ,E,0301, ","  48.0"," ,E,0627, ","   29.6","E,0718, ","-1.3","E,1020","-2.5","E,1030","-4.7","E,1101","-7.3","E,1126","-10.7","E,1213","-0.2","E,0521","-4.5","E,0426","-4.5","E,0426","-7.2","E,0321","-13.5","E,0308","    3842.3","3","    3842.3","E","    852.0"," ,E","      7.87","E","     12.22","E","      3.53","E"
"GME00127186","1956","48.5817","13.4167","327.0","PASSAU MAIERHOF, GM","     31.5","","      31.5","E","       162","E","        92","E","         3","E","       44","","        14","E","       130","E","        44","E","        80","E","         0","E","  -31.6","E,0210, ","   300"," ,E,0219, ","  39.2"," ,E,1028, ","   28.9","E,0605, ","-0.1","E,1027","-4.0","E,1101","-5.8","E,1124","-7.0","E,1125","-10.2","E,1226","-0.3","E,0426","-5.7","E,0408","-5.7","E,0408","-7.1","E,0316","-12.6","E,0312","    4056.9","9","    4056.9","E","    906.7"," ,E","      7.12","E","     11.78","E","      2.45","E"
"GME00127186","1957","48.5817","13.4167","327.0","PASSAU MAIERHOF, GM","     89.6","","      89.6","E","       153","E","        89","E","         1","E","       19","","         3","E","       102","E","        18","E","        68","E","         5","E","  -19.0","E,0119, ","   110"," ,E,0114, ","  26.6"," ,E,0727, ","   36.4","E,0707, ","-0.5","E,1003","-2.4","E,1120","-7.1","E,1130","-7.1","E,1130","","","-0.4","E,0530","-3.3","E,0509","-5.9","E,0304","-6.8","E,0303","-8.9","E,0130","    3556.8","8","    3556.8","E","    857.8"," ,E","      8.69","E","     13.34","E","      4.04","E"
"GME00127186","1958","48.5817","13.4167","327.0","PASSAU MAIERHOF, GM","","","","","       168","E","        94","E","         4","E","","","","","","","","","","","","","","","","","  41.4"," ,E,0627, ","","","","","","","","","","","","","","","","","","","","","","","","","","","   1054.9"," ,E","","","","","",""
"GME00127186","1959","48.5817","13.4167","327.0","PASSAU MAIERHOF, GM","","","","","       118","E","        71","E","         2","E","","","","","","","","","","","","","","","","","  28.6"," ,E,0812, ","","","","","","","","","","","","","","","","","","","","","","","","","","","    687.7"," ,E","","","","","",""
"GME00127186","1960","48.5817","13.4167","327.0","PASSAU MAIERHOF, GM","","","","","       166","E","        98","E","         3","E","","","","","","","","","","","","","","","","","  78.0"," ,E,0626, ","","","","","","","","","","","","","","","","","","","","","","","","","","","    945.2"," ,E","","","","","",""
"GME00127186","1961","48.5817","13.4167","327.0","PASSAU MAIERHOF, GM","","","","","       160","E","        92","E","         5","E","","","","","","","","","","","","","","","","","  41.2"," ,E,0812, ","","","","","","","","","","","","","","","","","","","","","","","","","","","    897.0"," ,E","","","","","",""
"GME00127186","1962","48.5817","13.4167","327.0","PASSAU MAIERHOF, GM","","","","","       141","E","        87","E","         1","E","","","","","","","","","","","","","","","","","  54.3"," ,E,1215, ","","","","","","","","","","","","","","","","","","","","","","","","","","","    796.5"," ,E","","","","","",""
"GME00127186","1963","48.5817","13.4167","327.0","PASSAU MAIERHOF, GM","","","","","       140","E","        76","E","         2","E","","","","","","","","","","","","","","","","","  40.5"," ,E,0611, ","","","","","","","","","","","","","","","","","","","","","","","","","","","    755.7"," ,E","","","","","",""
"GME00127186","1964","48.5817","13.4167","327.0","PASSAU MAIERHOF, GM","","","","","       152","E","        86","E","         3","E","","","","","","","","","","","","","","","","","  93.0"," ,E,0829, ","","","","","","","","","","","","","","","","","","","","","","","","","","","    831.3"," ,E","","","","","",""
"GME00127186","1965","48.5817","13.4167","327.0","PASSAU MAIERHOF, GM","","","","","       187","E","       107","E","         2","E","","","","","","","","","","","","","","","","","  29.7"," ,E,1217, ","","","","","","","","","","","","","","","","","","","","","","","","","","","    969.6"," ,E","","","","","",""
"GME00127186","1966","48.5817","13.4167","327.0","PASSAU MAIERHOF, GM","","","","","       179","E","       111","E","         5","E","","","","","","","","","","","","","","","","","  53.3"," ,E,0623, ","","","","","","","","","","","","","","","","","","","","","","","","","","","   1120.2"," ,E","","","","","",""
"GME00127186","1967","48.5817","13.4167","327.0","PASSAU MAIERHOF, GM","","","","","       149","E","        86","E","         1","E","","","","","","","","","","","","","","","","","  43.9"," ,E,1223, ","","","","","","","","","","","","","","","","","","","","","","","","","","","    845.8"," ,E","","","","","",""
"GME00127186","1968","48.5817","13.4167","327.0","PASSAU MAIERHOF, GM","","","","","       153","E","        84","E","         4","E","","","","","","","","","","","","","","","","","  59.2"," ,E,0807, ","","","","","","","","","","","","","","","","","","","","","","","","","","","    845.6"," ,E","","","","","",""
"GME00127186","1969","48.5817","13.4167","327.0","PASSAU MAIERHOF, GM","","","","","       146","E","        80","E","         1","E","","","","","","","","","","","","","","","","","  26.2"," ,E,0518, ","","","","","","","","","","","","","","","","","","","","","","","","","","","    651.2"," ,E","","","","","",""
"GME00127186","1970","48.5817","13.4167","327.0","PASSAU MAIERHOF, GM","","","","","       185","E","       101","E","         4","E","","","","","","","","","","","","","","","","","  43.7"," ,E,0221, ","","","","","","","","","","","","","","","","","","","","","","","","","","","   1005.4"," ,E","","","","","",""
"GME00127186","1971","48.5817","13.4167","327.0","PASSAU MAIERHOF, GM","","","","","       123","E","        69","E","         0","E","","","","","","","","","","","","","","","","","  20.9"," ,E,0427, ","","","","","","","","","","","","","","","","","","","","","","","","","","","    577.8"," ,E","","","","","",""
"GME00127186","1972","48.5817","13.4167","327.0","PASSAU MAIERHOF, GM","","","","","       128","E","        63","E","         0","E","","","","","","","","","","","","","","","","","  20.3"," ,E,0622, ","","","","","","","","","","","","","","","","","","","","","","","","","","","    566.1"," ,E","","","","","",""
"GME00127186","1973","48.5817","13.4167","327.0","PASSAU MAIERHOF, GM","","","","","       147","E","        80","E","         1","E","","","","","","","","","","","","","","","","","  30.8"," ,E,1115, ","","","","","","","","","","","","","","","","","","","","","","","","","","","    763.0"," ,E","","","","","",""
"GME00127186","1974","48.5817","13.4167","327.0","PASSAU MAIERHOF, GM","","","","","       178","E","       108","E","         2","E","","","","","","","","","","","","","","","","","  38.8"," ,E,1207, ","","","","","","","","","","","","","","","","","","","","","","","","","","","   1018.2"," ,E","","","","","",""
"GME00127186","1975","48.5817","13.4167","327.0","PASSAU MAIERHOF, GM","","","","","       137","E","        80","E","         4","E","","","","","","","","","","","","","","","","","  43.0"," ,E,0822, ","","","","","","","","","","","","","","","","","","","","","","","","","","","    766.9"," ,E","","","","","",""
"GME00127186","1976","48.5817","13.4167","327.0","PASSAU MAIERHOF, GM","","","","","       124","E","        70","E","         2","E","       25","","","","","","","","","","","","","","    70"," ,E,1216,+","  37.4"," ,E,1114, ","","","","","","","","","","","","","","","","","","","","","","","","","","","    736.3"," ,E","","","","","",""
"GME00127186","1977","48.5817","13.4167","327.0","PASSAU MAIERHOF, GM","","","","","       161","E","        90","E","         3","E","       43","","","","","","","","","","","","","","   170"," ,E,0120, ","  34.0"," ,E,0821, ","","","","","","","","","","","","","","","","","","","","","","","","","","","    839.5"," ,E","","","","","",""
"GME00127186","1978","48.5817","13.4167","327.0","PASSAU MAIERHOF, GM","","","","","       155","E","        85","E","         4","E","       57","","","","","","","","","","","","","","   170"," ,E,0220, ","  28.8"," ,E,0616, ","","","","","","","","","","","","","","","","","","","","","","","","","","","    726.3"," ,E","","","","","",""
"GME00127186","1979","48.5817","13.4167","327.0","PASSAU MAIERHOF, GM","","","","","       166","E","        89","E","         6","E","       57","","","","","","","","","","","","","","   250"," ,E,0117, ","  46.0"," ,E,0329, ","","","","","","","","","","","","","","","","","","","","","","","","","","","    967.6"," ,E","","","","","",""
"GME00127186","1980","48.5817","13.4167","327.0","PASSAU MAIERHOF, GM","","","","","       172","E","        82","E","         0","E","       63","","","","","","","","","","","","","","   270"," ,E,1206, ","  24.6"," ,E,0424, ","","","","","","","","","","","","","","","","","","","","","","","","","","","    777.1"," ,E","","","","","",""
"GME00127186","1981","48.5817","13.4167","327.0","PASSAU MAIERHOF, GM","","","","","       176","E","       106","E","         6","E","       93","","","","","","","","","","","","","","   250"," ,E,0130,+","  39.6"," ,E,0719, ","","","","","","","","","","","","","","","","","","","","","","","","","","","    988.3"," ,E","","","","","",""
"GME00127186","1982","48.5817","13.4167","327.0","PASSAU MAIERHOF, GM","","","","","       144","E","        81","E","         2","E","","","","","","","","","","","","","","","","","  43.0"," ,E,0130, ","","","","","","","","","","","","","","","","","","","","","","","","","","","    732.4"," ,E","","","","","",""
"GME00127186","1983","48.5817","13.4167","327.0","PASSAU MAIERHOF, GM","","","","","       150","E","        83","E","         2","E","","","","","","","","","","","","","","","","","  40.0"," ,E,0802, ","","","","","","","","","","","","","","","","","","","","","","","","","","","    752.8"," ,E","","","","","",""
"GME00127186","1984","48.5817","13.4167","327.0","PASSAU MAIERHOF, GM","","","","","       134","E","        86","E","         1","E","       41","","","","","","","","","","","","","","   160"," ,E,0123, ","  30.6"," ,E,0916, ","","","","","","","","","","","","","","","","","","","","","","","","","","","    710.4"," ,E","","","","","",""
"GME00127186","1985","48.5817","13.4167","327.0","PASSAU MAIERHOF, GM","","","","","       165","E","        88","E","         3","E","       77","","","","","","","","","","","","","","   320"," ,E,0106,+","  52.0"," ,E,0806, ","","","","","","","","","","","","","","","","","","","","","","","","","","","    848.5"," ,E","","","","","",""
"GME00127186","1986","48.5817","13.4167","327.0","PASSAU MAIERHOF, GM","","","","","       141","E","        75","E","         2","E","       45","","","","","","","","","","","","","","   230"," ,E,1228, ","  28.2"," ,E,0113, ","","","","","","","","","","","","","","","","","","","","","","","","","","","    703.4"," ,E","","","","","",""
"GME00127186","1987","48.5817","13.4167","327.0","PASSAU MAIERHOF, GM","","","","","       172","E","        98","E","         4","E","       66","","","","","","","","","","","","","","   260"," ,E,0128,+","  39.5"," ,E,0519, ","","","","","","","","","","","","","","","","","","","","","","","","","","","    912.2"," ,E","","","","","",""
"GME00127186","1988","48.5817","13.4167","327.0","PASSAU MAIERHOF, GM","","","","","       174","E","       110","E","         2","E","       23","","","","","","","","","","","","","","   300"," ,E,0302, ","  33.4"," ,E,0605, ","","","","","","","","","","","","","","","","","","","","","","","","","","","    990.0"," ,E","","","","","",""
"GME00127186","1989","48.5817","13.4167","327.0","PASSAU MAIERHOF, GM","","","","","       149","E","        83","E","         0","E","       22","","","","","","","","","","","","","","   130"," ,E,1127, ","  23.6"," ,E,0218, ","","","","","","","","","","","","","","","","","","","","","","","","","","","    707.1"," ,E","","","","","",""
"GME00127186","1990","48.5817","13.4167","327.0","PASSAU MAIERHOF, GM","","","","","       134","E","        74","E","         1","E","       29","","","","","","","","","","","","","","   130"," ,E,1222,+","  29.2"," ,E,0703, ","","","","","","","","","","","","","","","","","","","","","","","","","","","    616.0"," ,E","","","","","",""
"GME00127186","1991","48.5817","13.4167","327.0","PASSAU MAIERHOF, GM","","","","","       139","E","        67","E","         2","E","       17","","","","","","","","","","","","","","   180"," ,E,0217, ","  28.7"," ,E,1116, ","","","","","","","","","","","","","","","","","","","","","","","","","","","    657.6"," ,E","","","","","",""
"GME00127186","1992","48.5817","13.4167","327.0","PASSAU MAIERHOF, GM","","","","","       157","E","        93","E","         2","E","        1","","","","","","","","","","","","","","    30"," ,E,0217, ","  30.5"," ,E,0704, ","","","","","","","","","","","","","","","","","","","","","","","","","","","    839.9"," ,E","","","","","",""
"GME00127186","1993","48.5817","13.4167","327.0","PASSAU MAIERHOF, GM","","","","","       163","E","       106","E","         3","E","       32","","","","","","","","","","","","","","   110"," ,E,0129, ","  50.2"," ,E,0604, ","","","","","","","","","","","","","","","","","","","","","","","","","","","   1001.5"," ,E","","","","","",""
"GME00127186","1994","48.5817","13.4167","327.0","PASSAU MAIERHOF, GM","","","","","       175","E","        88","E","         2","E","        7","","","","","","","","","","","","","","   130"," ,E,1222, ","  38.0"," ,E,0719, ","","","","","","","","","","","","","","","","","","","","","","","","","","","    830.8"," ,E","","","","","",""
"GME00127186","1995","48.5817","13.4167","327.0","PASSAU MAIERHOF, GM","","","","","       166","E","        95","E","         6","E","       26","","","","","","","","","","","","","","   160"," ,E,0113, ","  42.6"," ,E,0824, ","","","","","","","","","","","","","","","","","","","","","","","","","","","    958.0"," ,E","","","","","",""
"GME00127186","1997","48.5817","13.4167","327.0","PASSAU MAIERHOF, GM","","","","","       149","E","        83","E","         6","E","       40","","","","","","","","","","","","","","   130"," ,E,0112,+","  45.2"," ,E,0725, ","","","","","","","","","","","","","","","","","","","","","","","","","","","    957.0"," ,E","","","","","",""
"GME00127186","1998","48.5817","13.4167","327.0","PASSAU MAIERHOF, GM","","","","","       180","E","        98","E","         4","E","       23","","","","","","","","","","","","","","   150"," ,E,1207, ","  37.4"," ,E,0530, ","","","","","","","","","","","","","","","","","","","","","","","","","","","    977.2"," ,E","","","","","",""
"GME00127186","1999","48.5817","13.4167","327.0","PASSAU MAIERHOF, GM","","","","","       169","E","       108","E","         4","E","       43","","","","","","","","","","","","","","   200"," ,E,0218, ","  28.6"," ,E,0917, ","","","","","","","","","","","","","","","","","","","","","","","","","","","    872.1"," ,E","","","","","",""
"GME00127186","2000","48.5817","13.4167","327.0","PASSAU MAIERHOF, GM","","","","","       172","E","       113","E","         3","E","       19","","","","","","","","","","","","","","   100"," ,E,0125,+","  57.2"," ,E,0330, ","","","","","","","","","","","","","","","","","","","","","","","","","","","   1000.3"," ,E","","","","","",""
"GME00127186","2001","48.5817","13.4167","327.0","PASSAU MAIERHOF, GM","","","","","       186","E","       115","E","         5","E","       30","","","","","","","","","","","","","","   320"," ,E,1225, ","  55.5"," ,E,0803, ","","","","","","","","","","","","","","","","","","","","","","","","","","","   1136.6"," ,E","","","","","",""
"GME00127186","2002","48.5817","13.4167","327.0","PASSAU MAIERHOF, GM","","","","","       168","E","       104","E","         9","E","       28","","","","","","","","","","","","","","   200"," ,E,0113, ","  80.6"," ,E,0811, ","","","","","","","","","","","","","","","","","","","","","","","","","","","   1374.1"," ,E","","","","","",""
"GME00127186","2003","48.5817","13.4167","327.0","PASSAU MAIERHOF, GM","","","","","       133","E","        74","E","         2","E","       45","","","","","","","","","","","","","","   220"," ,E,0114, ","  26.2"," ,E,0723, ","","","","","","","","","","","","","","","","","","","","","","","","","","","    612.9"," ,E","","","","","",""
"GME00127186","2004","48.5817","13.4167","327.0","PASSAU MAIERHOF, GM","","","","","       176","E","        84","E","         2","E","       55","","","","","","","","","","","","","","   200"," ,E,0130,+","  37.3"," ,E,0113, ","","","","","","","","","","","","","","","","","","","","","","","","","","","    920.1"," ,E","","","","","",""
"GME00127186","2005","48.5817","13.4167","327.0","PASSAU MAIERHOF, GM","","","","","       160","E","        98","E","         3","E","       63","","","","","","","","","","","","","","   190"," ,E,0222, ","  34.8"," ,E,0707, ","","","","","","","","","","","","","","","","","","","","","","","","","","","    885.1"," ,E","","","","","",""
"GME00127186","2006","48.5817","13.4167","327.0","PASSAU MAIERHOF, GM","","","","","       156","E","        97","E","         5","E","       86","","","","","","","","","","","","","","   500"," ,E,0306,+","  31.5"," ,E,0207, ","","","","","","","","","","","","","","","","","","","","","","","","","","","    934.1"," ,E","","","","","",""
"GME00127186","2007","48.5817","13.4167","327.0","PASSAU MAIERHOF, GM","","","","","       167","E","        98","E","         4","E","        9","","","","","","","","","","","","","","   180"," ,E,0127, ","  46.4"," ,E,0906, ","","","","","","","","","","","","","","","","","","","","","","","","","","","    972.5"," ,E","","","","","",""
"GME00127186","2008","48.5817","13.4167","327.0","PASSAU MAIERHOF, GM","","","","","       162","E","        90","E","         1","E","        7","","","","","","","","","","","","","","    80"," ,E,1124, ","  25.6"," ,E,0814, ","","","","","","","","","","","","","","","","","","","","","","","","","","","    761.9"," ,E","","","","","",""
"GME00127186","2009","48.5817","13.4167","327.0","PASSAU MAIERHOF, GM","","","","","       174","E","       109","E","         4","E","       22","","","","","","","","","","","","","","   220"," ,E,0221, ","  32.4"," ,E,0718, ","","","","","","","","","","","","","","","","","","","","","","","","","","","    977.8"," ,E","","","","","",""
"GME00127186","2010","48.5817","13.4167","327.0","PASSAU MAIERHOF, GM","","","","","       172","E","        96","E","         4","E","       89","","","","","","","","","","","","","","   400"," ,E,0203, ","  42.3"," ,E,0513, ","","","","","","","","","","","","","","","","","","","","","","","","","","","    940.8"," ,E","","","","","",""
"GME00127186","2011","48.5817","13.4167","327.0","PASSAU MAIERHOF, GM","","","","","       144","E","        78","E","         2","E","       26","","","","","","","","","","","","","","   150"," ,E,0105,+","  30.5"," ,E,0113, ","","","","","","","","","","","","","","","","","","","","","","","","","","","    700.6"," ,E","","","","","",""
"GME00127186","2012","48.5817","13.4167","327.0","PASSAU MAIERHOF, GM","","","","","       159","E","        95","E","         4","E","       26","","","","","","","","","","","","","","   170"," ,E,1210, ","  37.1"," ,E,0119, ","","","","","","","","","","","","","","","","","","","","","","","","","","","    880.7"," ,E","","","","","",""
"GME00127186","2013","48.5817","13.4167","327.0","PASSAU MAIERHOF, GM","","","","","       138","E","        92","E","         4","E","       44","","","","","","","","","","","","","","   240"," ,E,0118, ","  35.6"," ,E,0602, ","","","","","","","","","","","","","","","","","","","","","","","","","","","    882.8"," ,E","","","","","",""
"GME00127186","2014","48.5817","13.4167","327.0","PASSAU MAIERHOF, GM","","","","","       140","E","        80","E","         2","E","        8","","","","","","","","","","","","","","   110"," ,E,1231, ","  31.0"," ,E,0527, ","","","","","","","","","","","","","","","","","","","","","","","","","","","    665.6"," ,E","","","","","",""
"GME00127186","2015","48.5817","13.4167","327.0","PASSAU MAIERHOF, GM","","","","","       137","E","        74","E","         2","E","       13","","","","","","","","","","","","","","   100"," ,E,0101, ","  33.2"," ,E,1007, ","","","","","","","","","","","","","","","","","","","","","","","","","","","    721.5"," ,E","","","","","",""
"GME00127186","2016","48.5817","13.4167","327.0","PASSAU MAIERHOF, GM","","","","","       159","E","        85","E","         5","E","       17","","","","","","","","","","","","","","   100"," ,E,0107,+","  66.5"," ,E,0512, ","","","","","","","","","","","","","","","","","","","","","","","","","","","    926.4"," ,E","","","","","",""
"GME00127186","2017","48.5817","13.4167","327.0","PASSAU MAIERHOF, GM","","","","","       161","E","        98","E","         1","E","       42","","","","","","","","","","","","","","   230"," ,E,0112, ","  41.3"," ,E,0818, ","","","","","","","","","","","","","","","","","","","","","","","","","","","    927.8"," ,E","","","","","",""
"GME00127186","2018","48.5817","13.4167","327.0","PASSAU MAIERHOF, GM","","","","","       136","E","        74","E","         6","E","        9","","","","","","","","","","","","","","    90"," ,E,0208, ","  36.2"," ,E,0831, ","","","","","","","","","","","","","","","","","","","","","","","","","","","    780.9"," ,E","","","","","",""
"GME00127186","2019","48.5817","13.4167","327.0","PASSAU MAIERHOF, GM","","","","","       150","E","        84","E","         0","E","       21","","","","","","","","","","","","","","   110"," ,E,0204,+","  24.1"," ,E,0721, ","","","","","","","","","","","","","","","","","","","","","","","","","","","    718.0"," ,E","","","","","",""
"GME00127186","2020","48.5817","13.4167","327.0","PASSAU MAIERHOF, GM","","","","","       147","E","        90","E","         2","E","        3","","","","","","","","","","","","","","    60"," ,E,0129, ","  48.2"," ,E,0711, ","","","","","","","","","","","","","","","","","","","","","","","","","","","    858.0"," ,E","","","","","",""
"GME00127186","2021","48.5817","13.4167","327.0","PASSAU MAIERHOF, GM","","","","","       164","E","        89","E","         5","E","       32","","","","","","","","","","","","","","   180"," ,E,0120, ","  45.1"," ,E,0621, ","","","","","","","","","","","","","","","","","","","","","","","","","","","    912.2"," ,E","","","","","",""
"GME00127186","2022","48.5817","13.4167","327.0","PASSAU MAIERHOF, GM","","","","","       153","E","        95","E","         2","E","        8","","","","","","","","","","","","","","    90"," ,E,1217, ","  39.8"," ,E,0605, ","","","","","","","","","","","","","","","","","","","","","","","","","","","    796.2"," ,E","","","","","",""
"GME00127186","2023","48.5817","13.4167","327.0","PASSAU MAIERHOF, GM","","","","","       172","E","       105","E","         6","E","       27","","","","","","","","","","","","","","   460"," ,E,1203, ","  56.1"," ,E,0826, ","","","","","","","","","","","","","","","","","","","","","","","","","","","   1109.7"," ,E","","","","","",""
