"STATION","DATE","LATITUDE","LONGITUDE","ELEVATION","NAME","CDSD","CDSD_ATTRIBUTES","CLDD","CLDD_ATTRIBUTES","DP01","DP01_ATTRIBUTES","DP10","DP10_ATTRIBUTES","DP1X","DP1X_ATTRIBUTES","DSND","DSND_ATTRIBUTES","DSNW","DSNW_ATTRIBUTES","DT00","DT00_ATTRIBUTES","DT32","DT32_ATTRIBUTES","DX32","DX32_ATTRIBUTES","DX70","DX70_ATTRIBUTES","DX90","DX90_ATTRIBUTES","DYFG","DYFG_ATTRIBUTES","DYTS","DYTS_ATTRIBUTES","EMNT","EMNT_ATTRIBUTES","EMSD","EMSD_ATTRIBUTES","EMSN","EMSN_ATTRIBUTES","EMXP","EMXP_ATTRIBUTES","EMXT","EMXT_ATTRIBUTES","FZF0","FZF0_ATTRIBUTES","FZF1","FZF1_ATTRIBUTES","FZF2","FZF2_ATTRIBUTES","FZF3","FZF3_ATTRIBUTES","FZF4","FZF4_ATTRIBUTES","FZF5","FZF5_ATTRIBUTES","FZF6","FZF6_ATTRIBUTES","FZF7","FZF7_ATTRIBUTES","FZF8","FZF8_ATTRIBUTES","FZF9","FZF9_ATTRIBUTES","HDSD","HDSD_ATTRIBUTES","HTDD","HTDD_ATTRIBUTES","PRCP","PRCP_ATTRIBUTES","SNOW","SNOW_ATTRIBUTES","TAVG","TAVG_ATTRIBUTES","TMAX","TMAX_ATTRIBUTES","TMIN","TMIN_ATTRIBUTES"
"USC00264935","1914","41.99343","-117.71672","1380.1","MCDERMITT, NV US","    199.0","","     199.0","6","        60","6","        25","6","         0","6","","","","","        10","6","       191","6","        16","6","       142","6","        17","6","","","","","  -21.1","6,1221, ","","","","","  15.2"," ,6,0620, ","   36.7","6,0813, ","-1.1","6,0908","-5.0","6,0912","-5.0","6,0912","-6.7","6,1011","-12.2","6,1114","-1.7","6,0606","-2.2","6,0504","-4.4","6,0417","-8.3","6,0216","-8.9","6,0215","","","","","    196.7"," ,6","","","      8.68","6","     16.87","6","      0.49","6"
"USC00264935","1915","41.99343","-117.71672","1380.1","MCDERMITT, NV US","","","","","        52","6","        33","6","         0","6","","","","","","","","","         5","6","       146","6","        27","6","","","         3"," ","","","","","","","  23.4"," ,6,0429, ","   36.1","6,0829, ","","","","","","","","","","","","","","","","","","","","","","","","","    261.4"," ,6","","","","","     17.05","6","",""
"USC00264935","1916","41.99343","-117.71672","1380.1","MCDERMITT, NV US","    152.4","","     152.4","6","        45","6","        35","6","         0","6","","","","","         8","6","       196","6","        36","6","       132","6","        19","6","         1"," ","","","  -21.7","6,1230, ","","","","","  17.8"," ,6,1224, ","   34.4","6,0712,+","-0.6","6,0818","-2.8","6,0910","-4.4","6,1004","-7.8","6,1023","-14.4","6,1111","-1.7","6,0621","-3.9","6,0620","-5.0","6,0514","-7.8","6,0512","-10.6","6,0323","","","","","    263.6"," ,6","","","      7.67","6","     15.84","6","     -0.51","6"
"USC00264935","1917","41.99343","-117.71672","1380.1","MCDERMITT, NV US","    249.4","","     249.4","6","        44","6","        24","6","         0","6","","","","","        15","6","       178","6","        33","6","       138","6","        29","6","","","","","  -26.7","6,0118, ","","","","","  19.6"," ,6,0523, ","   35.6","6,0824,+","-7.2","6,1017","-7.2","6,1017","-7.2","6,1017","-7.2","6,1017","-10.6","6,1028","-3.9","6,0612","-3.9","6,0612","-5.0","6,0517","-7.2","6,0417","-12.2","6,0331","    4592.2","2","    4592.2","6","    168.9"," ,6","","","      8.03","6","     16.19","6","     -0.14","6"
"USC00264935","1918","41.99343","-117.71672","1380.1","MCDERMITT, NV US","    121.0","","     121.0","6","","","","","","","","","","","         4","6","       189","6","        15","6","       149","6","        19","6","","","","","  -20.6","6,1230, ","","","","","","","   35.0","6,0825,+","-1.1","6,0806","-5.6","6,0820","-5.6","6,0820","-7.2","6,1107","-10.0","6,1124","-0.6","6,0725","-2.2","6,0521","-6.7","6,0426","-6.7","6,0426","-8.9","6,0403","    3155.1","1","    3155.1","6","","","","","      8.45","6","     16.88","6","      0.01","6"
"USC00264935","1919","41.99343","-117.71672","1380.1","MCDERMITT, NV US","    287.7","","     287.7","6","","","","","","","","","","","         6","6","       218","6","        27","6","       145","6","        72","6","","","","","  -22.8","6,1213, ","","","","","","","   40.0","6,0709, ","-0.6","6,0925","-2.2","6,1010","-5.6","6,1011","-6.7","6,1026","-12.2","6,1028","-6.1","6,0531","-6.1","6,0531","-6.1","6,0531","-6.7","6,0415","-12.2","6,0311","    3799.6","6","    3799.6","6","","","","","      8.29","6","     17.48","6","     -0.90","6"
"USC00264935","1926","41.99343","-117.71672","1380.1","MCDERMITT, NV US","","","","","","","","","","","","","","","","","","","","","","","","","         2"," ","","","","","","","","","","","","","","","","","","","","","","","","","","","","","","","","","","","","","","","","","","","","","",""
"USC00264935","1971","41.99343","-117.71672","1380.1","MCDERMITT, NV US","","","","","","","","","","","","","","","","","","","","","","","","","","","         2"," ","","","","","","","","","","","","","","","","","","","","","","","","","","","","","","","","","","","","","","","","","","","",""
"USC00264935","1973","41.99343","-117.71672","1380.1","MCDERMITT, NV US","","","","","        45","0","        40","0","         3","0","","","","","","","","","        20","0","       143","0","        57","0","","","","","","","","","","","  25.4"," ,0,0415,+","   37.8","0,0905,+","","","","","","","","","","","","","","","","","","","","","","","","","    351.1"," ,0","","","","","     17.31","0","",""
"USC00264935","1977","41.99343","-117.71672","1380.1","MCDERMITT, NV US","","","","","","","","","","","","","","","","","","","","","","","","","","","        10"," ","","","","","","","","","","","","","","","","","","","","","","","","","","","","","","","","","","","","","","","","","","","",""
"USC00264935","1980","41.99343","-117.71672","1380.1","MCDERMITT, NV US","","","","","        87","0","        20","0","         1","0","","","","","","","","","         8","0","       143","0","        23","0","","","","","","","","","","","  26.2"," ,0,0515, ","   38.9","0,0723, ","","","","","","","","","","","","","","","","","","","","","","","","","    228.8"," ,0","","","","","     17.24","0","",""
"USC00264935","1981","41.99343","-117.71672","1380.1","MCDERMITT, NV US","","","","","        72","0","        37","0","         0","0","","","","","","","","","","","","","","","","","","","","","","","","","  17.0"," ,0,0320, ","","","","","","","","","","","","","","","","","","","","","","","","","","","    273.5"," ,0","","","","","","","",""
"USC00264935","1982","41.99343","-117.71672","1380.1","MCDERMITT, NV US","    169.0","","     169.0","0","        66","0","        33","0","         0","0","","","","","        17","0","       209","0","        22","0","       123","0","        38","0","","","","","  -28.9","0,0205, ","","","","","  20.6"," ,0,0701, ","   37.2","0,0822, ","-5.0","0,0911","-5.0","0,0911","-5.0","0,0911","-7.8","0,1018","-12.2","0,1019","-0.6","0,0610","-3.9","0,0609","-5.6","0,0608","-6.7","0,0528","-9.4","0,0509","","","","","    221.2"," ,0","","","      6.83","0","     15.42","0","     -1.77","0"
"USC00264935","1983","41.99343","-117.71672","1380.1","MCDERMITT, NV US","    115.0","","     115.0","0","        99","0","        60","0","         2","0","","","","","         4","0","       190","0","         9","0","       135","0","        18","0","","","         3"," ","  -27.2","0,1228, ","","","","","  29.2"," ,0,0601, ","   40.0","0,0807, ","-0.6","0,0906","-3.3","0,0909","-5.6","0,0919","-7.2","0,0921","-8.9","0,1024","0.0","0,0711","-2.2","0,0710","-4.4","0,0509","-7.8","0,0416","-9.4","0,0412","    3826.4","4","    3826.4","0","    438.8"," ,0","","","      8.13","0","     16.23","0","      0.04","0"
"USC00264935","1984","41.99343","-117.71672","1380.1","MCDERMITT, NV US","    137.6","","     137.6","0","","","","","","","","","","","        14","0","       225","0","        36","0","       129","0","        41","0","","","         1"," ","  -27.2","0,0118, ","","","","","","","   38.9","0,0717, ","-0.6","0,0901","-2.2","0,0912","-7.2","0,0922","-7.2","0,0922","-13.3","0,0925","0.0","0,0618","-2.8","0,0609","-9.4","0,0429","-9.4","0,0429","-9.4","0,0429","    4204.7","7","    4204.7","0","","","","","      6.27","0","     15.07","0","     -2.54","0"
"USC00264935","1985","41.99343","-117.71672","1380.1","MCDERMITT, NV US","    285.0","","     285.0","0","        50","0","        24","0","         0","0","","","","","        11","0","       212","0","        31","0","       153","0","        48","0","","","","","  -33.3","0,0204, ","","","","","   9.7"," ,0,0521, ","   38.9","0,0716, ","0.0","0,0910","-2.8","0,0919","-5.0","0,0929","-7.8","0,1009","-10.0","0,1010","-1.1","0,0604","-2.2","0,0602","-7.2","0,0512","-7.2","0,0512","-9.4","0,0509","    4356.1","1","    4356.1","0","    155.3"," ,0","","","      7.14","0","     15.97","0","     -1.69","0"
"USC00264935","1986","41.99343","-117.71672","1380.1","MCDERMITT, NV US","    158.0","","     158.0","0","        60","0","        23","0","         1","0","","","","","         3","0","       195","0","         2","0","       134","0","        43","0","","","         2"," ","  -18.3","0,1218,+","","","","","  27.9"," ,0,0308, ","   36.1","0,0818,+","-1.7","0,0909","-2.2","0,0910","-5.6","0,0917","-6.7","0,0920","-11.1","0,1011","-2.8","0,0716","-2.8","0,0716","-6.1","0,0521","-6.7","0,0402","-8.9","0,0211","    3627.1","1","    3627.1","0","    221.2"," ,0","","","      8.65","0","     17.69","0","     -0.38","0"
"USC00264935","1987","41.99343","-117.71672","1380.1","MCDERMITT, NV US","    102.9","","     102.9","0","        63","0","        26","0","         0","0","","","","","        10","0","       189","0","        24","0","       165","0","        33","0","","","         5"," ","  -23.3","0,0120, ","","","","","  17.0"," ,0,0526, ","   36.7","0,0804, ","0.0","0,0817","-3.3","0,0916","-5.6","0,0917","-9.4","0,1014","-9.4","0,1014","-2.2","0,0719","-2.2","0,0719","-5.0","0,0421","-10.6","0,0420","-10.6","0,0420","    3771.2","2","    3771.2","0","    201.5"," ,0","","","      8.39","0","     17.82","0","     -1.05","0"
"USC00264935","1988","41.99343","-117.71672","1380.1","MCDERMITT, NV US","    255.0","","     255.0","0","        53","0","        24","0","         0","0","","","         9","0","        11","0","       200","0","        23","0","       157","0","        59","0","         2"," ","","","  -25.6","0,1228, ","","","   102"," ,0,1220, ","  14.5"," ,0,0731, ","   38.3","0,0730,+","0.0","0,0822","-3.9","0,0911","-9.4","0,0918","-9.4","0,0918","-9.4","0,0918","-0.6","0,0630","-3.9","0,0531","-6.1","0,0508","-8.3","0,0502","-8.9","0,0410","    3627.5","5","    3627.5","0","    166.0"," ,0","      450"," ,0","      8.50","0","     17.82","0","     -0.82","0"
"USC00264935","1989","41.99343","-117.71672","1380.1","MCDERMITT, NV US","    124.1","","     124.1","0","        50","0","        20","0","         0","0","","","","","        15","0","       195","0","        26","0","       149","0","        30","0","","","","","  -27.8","0,0208,+","","","","","  20.8"," ,0,0917, ","   38.9","0,0719, ","0.0","0,0831","-2.8","0,0913","-5.0","0,1005","-6.7","0,1016","-12.2","0,1029","0.0","0,0622","-2.2","0,0531","-5.0","0,0529","-7.8","0,0519","-9.4","0,0304","    3761.6","6","    3761.6","0","    153.6"," ,0","","","      7.27","0","     16.58","0","     -2.04","0"
"USC00264935","1990","41.99343","-117.71672","1380.1","MCDERMITT, NV US","    191.0","","     191.0","0","        60","0","        22","0","         0","0","","","","","        19","0","       205","0","        28","0","       149","0","        41","0","         1"," ","         1"," ","  -38.3","0,1222, ","","","","","  11.4"," ,0,0303, ","   38.9","0,0807, ","0.0","0,0918","-3.3","0,1003","-6.7","0,1007","-6.7","0,1007","-11.7","0,1008","0.0","0,0616","-2.8","0,0612","-6.1","0,0531","-7.2","0,0516","-9.4","0,0509","    3914.8","8","    3914.8","0","    145.8"," ,0","","","      7.53","0","     17.00","0","     -1.95","0"
"USC00264935","1991","41.99343","-117.71672","1380.1","MCDERMITT, NV US","","","","","","","","","","","       10","","         0","0","","","","","","","","","","","         2"," ","","","","","   102"," ,0,1028, ","     0","T,0,0425,+","","","","","","","","","","","","","","","","","","","","","","","","","","","","","","","        0","T,0","","","","","",""
"USC00264935","1992","41.99343","-117.71672","1380.1","MCDERMITT, NV US","    203.9","","     203.9","0","        57","0","        26","0","         0","0","","","         4","0","         4","0","       195","0","        11","0","       159","0","        33","0","         5"," ","         3"," ","  -25.6","0,1219, ","","","   152"," ,0,1228, ","  20.3"," ,0,0618, ","   38.9","0,0812, ","-2.2","0,0825","-2.2","0,0825","-5.0","0,0826","-11.1","0,1007","-11.1","0,1007","-2.8","0,0615","-2.8","0,0615","-6.1","0,0502","-8.3","0,0423","-10.0","0,0407","    3363.2","2","    3363.2","0","    176.9"," ,0","      310"," ,0","      8.99","0","     18.32","0","     -0.34","0"
"USC00264935","1993","41.99343","-117.71672","1380.1","MCDERMITT, NV US","     46.9","","      46.9","0","        70","0","        25","0","         0","0","","","","","        21","0","       197","0","        32","0","       127","0","        13","0","         1"," ","","","  -27.8","0,1125, ","","","","","  19.1"," ,0,0605, ","   35.0","0,0803, ","-1.7","0,0826","-2.2","0,0913","-5.6","0,0921","-7.2","0,0924","-9.4","0,1030","-1.7","0,0703","-2.2","0,0509","-5.0","0,0427","-9.4","0,0302","-9.4","0,0302","    3960.4","4","    3960.4","0","    211.9"," ,0","","","      6.59","0","     15.14","0","     -1.97","0"
"USC00264935","1994","41.99343","-117.71672","1380.1","MCDERMITT, NV US","    207.4","","     207.4","0","","","","","","","","","","","        19","0","       192","0","        15","0","       147","0","        53","0","         6"," ","","","  -23.9","0,1122, ","","","","","","","   38.3","0,0728,+","-0.6","0,0914","-2.8","0,1003","-6.7","0,1007","-6.7","0,1007","-11.1","0,1029","0.0","0,0618","-2.8","0,0608","-6.7","0,0415","-6.7","0,0415","-10.0","0,0328","    3864.9","9","    3864.9","0","","","","","      8.06","0","     17.33","0","     -1.21","0"
"USC00264935","1995","41.99343","-117.71672","1380.1","MCDERMITT, NV US","     77.5","","      77.5","0","","","","","","","","","         2","0","         7","0","       182","0","         3","0","       126","0","        25","0","         2"," ","         1"," ","  -20.6","0,0101, ","","","   203"," ,0,0322, ","","","   35.6","0,0805,+","-1.7","0,0818","-5.6","0,0922","-5.6","0,0922","-7.2","0,0930","-11.1","0,1005","-0.6","0,0731","-2.2","0,0427","-5.0","0,0426","-6.7","0,0417","-11.7","0,0326","    3745.4","4","    3745.4","0","","","      241"," ,0","      8.59","0","     17.39","0","     -0.21","0"
"USC00264935","1996","41.99343","-117.71672","1380.1","MCDERMITT, NV US","    171.5","","     171.5","0","        67","0","        31","0","         0","0","","","","","         4","0","       193","0","        11","0","       134","0","        42","0","         1"," ","","","  -25.0","0,0203, ","","","","","  18.0"," ,0,0116, ","   36.7","0,0824,+","0.0","0,0804","-3.3","0,0906","-4.4","0,0918","-6.7","0,1014","-15.0","0,1017","-2.2","0,0531","-2.2","0,0531","-4.4","0,0504","-8.3","0,0428","-9.4","0,0326","    3510.3","3","    3510.3","0","    256.8"," ,0","","","      8.59","0","     17.36","0","     -0.18","0"
"USC00264935","1997","41.99343","-117.71672","1380.1","MCDERMITT, NV US","    105.7","","     105.7","0","","","","","","","","","","","         3","0","       196","0","        11","0","       150","0","        24","0","         6"," ","         4"," ","  -21.1","0,1226, ","","","","","","","   37.2","0,0807, ","-2.8","0,0921","-2.8","0,0921","-4.4","0,1003","-6.7","0,1008","-8.9","0,1013","-1.7","0,0624","-2.2","0,0619","-8.3","0,0502","-8.3","0,0502","-12.8","0,0412","    3569.6","6","    3569.6","0","","","","","      8.21","0","     17.25","0","     -0.84","0"
"USC00264935","1998","41.99343","-117.71672","1380.1","MCDERMITT, NV US","    197.0","","     197.0","0","        93","0","        49","0","         1","0","","","        16","0","         6","0","       189","0","        14","0","       124","0","        43","0","         7"," ","         1"," ","  -23.9","0,1221, ","","","   102"," ,0,1204,+","  25.9"," ,0,0403, ","   38.9","0,0717, ","-2.2","0,0922","-2.2","0,0922","-8.3","0,1005","-8.3","0,1005","-13.3","0,1017","0.0","0,0627","-2.2","0,0527","-5.0","0,0418","-6.7","0,0415","-9.4","0,0319","    3827.5","5","    3827.5","0","    395.3"," ,0","      784"," ,0","      8.15","0","     16.12","0","      0.17","0"
"USC00264935","1999","41.99343","-117.71672","1380.1","MCDERMITT, NV US","     95.9","","      95.9","0","        43","0","        14","0","         0","0","","","        11","0","         3","0","       212","0","         5","0","       152","0","        29","0","","","","","  -20.0","0,1208, ","","","    76"," ,0,0220,+","  14.2"," ,0,0602, ","   37.2","0,0712, ","-5.0","0,0831","-5.0","0,0831","-5.0","0,0831","-7.8","0,0927","-11.7","0,1017","0.0","0,0611","-8.9","0,0516","-8.9","0,0516","-8.9","0,0516","-8.9","0,0516","    3869.6","6","    3869.6","0","    108.1"," ,0","      480"," ,0","      7.94","0","     17.62","0","     -1.73","0"
"USC00264935","2000","41.99343","-117.71672","1380.1","MCDERMITT, NV US","","","","","        56","0","        25","0","         0","0","","","         7","0","","","","","","","","","","","","","         1"," ","","","","","    91"," ,0,0123, ","  19.1"," ,0,1009, ","","","","","","","","","","","","","","","","","","","","","","","    3545.4","4","    3545.4","0","    192.7"," ,0","      357"," ,0","","","","","",""
"USC00264935","2001","41.99343","-117.71672","1380.1","MCDERMITT, NV US","    183.4","","     183.4","0","        56","0","        21","0","         0","0","","","        18","0","         4","0","       203","0","        19","0","       161","0","        52","0","         1"," ","","","  -22.2","0,0117, ","","","    76"," ,0,1128,+","  10.2"," ,0,0809, ","   40.6","0,0703, ","-1.7","0,0906","-2.8","0,0907","-6.1","0,1009","-10.0","0,1010","-10.0","0,1010","-3.9","0,0614","-3.9","0,0614","-6.7","0,0604","-6.7","0,0604","-11.1","0,0410","","","","","    154.0"," ,0","      791"," ,0","      8.35","0","     17.85","0","     -1.14","0"
"USC00264935","2002","41.99343","-117.71672","1380.1","MCDERMITT, NV US","    198.7","","     198.7","0","","","","","","","        4","","         1","0","         6","0","       213","0","         9","0","       150","0","        50","0","","","","","  -21.1","0,1102,+","    51"," ,0,0307, ","    51"," ,0,0307, ","","","   41.7","0,0711, ","-1.7","0,0808","-7.2","0,0926","-7.2","0,0926","-7.2","0,0926","-8.9","0,1012","-1.7","0,0611","-3.9","0,0609","-4.4","0,0515","-11.1","0,0508","-11.1","0,0508","    3629.2","2","    3629.2","0","","","       87"," ,0","      8.39","0","     17.95","0","     -1.17","0"
"USC00264935","2003","41.99343","-117.71672","1380.1","MCDERMITT, NV US","    264.3","","     264.3","0","","","","","","","","","","","         1","0","       190","0","         3","0","       153","0","        60","0","         2"," ","         2"," ","  -18.3","0,1123, ","","","","","","","   41.1","0,0723,+","-1.1","0,0913","-3.3","0,0914","-5.6","0,0918","-9.4","0,1011","-9.4","0,1011","-3.3","0,0520","-3.3","0,0520","-4.4","0,0506","-8.3","0,0419","-10.6","0,0407","    3592.8","8","    3592.8","0","","","","","      9.23","0","     18.20","0","      0.26","0"
"USC00264935","2004","41.99343","-117.71672","1380.1","MCDERMITT, NV US","","","","","","","","","","","","","","","","","","","","","","","","","         5"," ","","","","","","","","","","","","","","","","","","","","","","","","","","","","","","","","","","","","","","","","","","","","","",""
"USC00264935","2005","41.99343","-117.71672","1380.1","MCDERMITT, NV US","    180.8","","     180.8","0","","","","","","","","","","","         9","0","       200","0","        34","0","       126","0","        45","0","        25"," ","         1"," ","  -26.1","0,0112, ","","","","","","","   39.4","0,0716, ","-6.7","0,0831","-6.7","0,0831","-6.7","0,0831","-6.7","0,0831","-11.7","0,1115","-1.1","0,0613","-3.3","0,0606","-5.6","0,0416","-7.8","0,0415","-9.4","0,0331","    3996.9","9","    3996.9","0","","","","","      7.62","0","     16.40","0","     -1.16","0"
"USC00264935","2006","41.99343","-117.71672","1380.1","MCDERMITT, NV US","    231.3","","     231.3","0","        69","0","        23","0","         0","0","       23","","         8","0","        11","0","       201","0","        17","0","       142","0","        53","0","         2"," ","         6"," ","  -27.2","0,1129, ","   102"," ,0,1201,+","   102"," ,0,0416,+","  13.0"," ,0,0527, ","   40.0","0,0721, ","-0.6","0,0831","-3.3","0,0916","-7.2","0,0917","-7.2","0,0917","-10.0","0,1021","-1.1","0,0530","-3.9","0,0510","-6.1","0,0419","-7.2","0,0418","-8.9","0,0315","    3657.3","3","    3657.3","0","    178.8"," ,0","      542"," ,0","      8.30","0","     17.41","0","     -0.81","0"
"USC00264935","2007","41.99343","-117.71672","1380.1","MCDERMITT, NV US","    268.9","","     268.9","0","        61","0","        16","0","         0","0","       12","","         9","0","        13","0","       203","0","        25","0","       148","0","        54","0","         2"," ","         1"," ","  -25.6","0,0113, ","   102"," ,0,1229, ","    76"," ,0,1208,+","  23.9"," ,0,0923, ","   39.4","0,0706, ","-2.2","0,0910","-2.2","0,0910","-4.4","0,0930","-7.2","0,1028","-8.9","0,1106","0.0","0,0611","-2.8","0,0523","-6.1","0,0522","-8.9","0,0421","-8.9","0,0421","    3857.2","2","    3857.2","0","    128.9"," ,0","      353"," ,0","      8.44","0","     18.12","0","     -1.24","0"
"USC00264935","2008","41.99343","-117.71672","1380.1","MCDERMITT, NV US","    172.5","","     172.5","0","        72","0","        18","0","         0","0","       58","","        20","0","         9","0","       214","0","        32","0","       139","0","        49","0","         4"," ","         1"," ","  -26.1","0,1226, ","   203"," ,0,0206, ","   152"," ,0,0202, ","  11.7"," ,0,0603, ","   35.6","0,0825,+","-2.8","0,0901","-2.8","0,0901","-5.0","0,0902","-11.1","0,1010","-11.1","0,1010","-1.7","0,0613","-2.8","0,0608","-7.2","0,0513","-7.2","0,0513","-9.4","0,0502","    4160.9","9","    4160.9","0","    116.2"," ,0","      937"," ,0","      7.58","0","     16.88","0","     -1.72","0"
"USC00264935","2009","41.99343","-117.71672","1380.1","MCDERMITT, NV US","    239.0","","     239.0","0","        79","0","        30","0","         1","0","       23","","        13","0","        12","0","       206","0","        20","0","       140","0","        51","0","         5"," ","","","  -25.6","0,1209, ","   102"," ,0,1214,+","   102"," ,0,1212, ","  25.7"," ,0,0615, ","   38.3","0,0719, ","0.0","0,0816","-10.6","0,1001","-10.6","0,1001","-10.6","0,1001","-10.6","0,1001","-0.6","0,0622","-5.0","0,0513","-5.0","0,0513","-9.4","0,0427","-9.4","0,0427","    3780.7","7","    3780.7","0","    229.9"," ,0","      620"," ,0","      8.09","0","     17.29","0","     -1.11","0"
"USC00264935","2010","41.99343","-117.71672","1380.1","MCDERMITT, NV US","","","","","","","","","","","       25","","        11","0","","","","","","","","","","","         4"," ","","","","","    76"," ,0,1218,+","   152"," ,0,1120, ","","","","","","","","","","","","","","","","","","","","","","","","","    3825.0","0","    3825.0"," ","","","      760"," ,0","","","","","",""
"USC00264935","2011","41.99343","-117.71672","1380.1","MCDERMITT, NV US","","","","","","","","","","","","","","","","","","","","","","","","","         2"," ","         2"," ","","","","","","","","","","","","","","","","","","","","","","","","","","","","","","","","","","","","","","","","","","","",""
"USC00264935","2012","41.99343","-117.71672","1380.1","MCDERMITT, NV US","    236.5","","     236.5","7","        81","7","        17","7","         0","7","       13","","        10","7","         5","7","       186","7","        10","7","       169","7","        64","7","         2"," ","         2"," ","  -28.3","7,1231, ","   152"," ,Z,1231,+","   152"," ,7,0123, ","  15.7"," ,7,0426, ","   38.3","7,0712, ","-0.6","7,0912","-3.9","7,0913","-7.2","7,1004","-7.2","7,1004","-8.9","7,1017","-3.9","7,0610","-3.9","7,0610","-4.4","7,0606","-7.8","7,0505","-8.9","7,0415","","","","","    132.7"," ,7","      595"," ,7","      9.46","7","     19.40","7","     -0.48","7"
"USC00264935","2013","41.99343","-117.71672","1380.1","MCDERMITT, NV US","    317.2","","     317.2","7","        64","7","        17","7","         0","7","       27","","         4","7","        25","7","       200","7","        31","7","       151","7","        60","7","         3"," ","         2"," ","  -29.4","7,0113, ","   203"," ,7,0118,+","   102"," ,7,0110, ","  12.7"," ,7,0926, ","   40.6","7,0630, ","-4.4","7,0919","-4.4","7,0919","-4.4","7,0919","-8.9","7,1005","-8.9","7,1005","-1.1","7,0621","-3.3","7,0620","-5.6","7,0503","-7.2","7,0502","-10.0","7,0501","    3767.9","9","    3767.9","7","    133.1"," ,7","      332"," ,7","      8.08","7","     17.67","7","     -1.51","7"
"USC00264935","2014","41.99343","-117.71672","1380.1","MCDERMITT, NV US","    274.4","","     274.4","7","        84","7","        21","7","         0","7","        4","","         5","7","         3","7","       170","7","         3","7","       170","7","        49","7","","","         2"," ","  -19.4","7,0105, ","    25"," ,7,1229,+","    76"," ,7,0402, ","  18.5"," ,7,0928, ","   40.0","7,0714, ","-1.1","7,0912","-2.2","7,1002","-6.1","7,1018","-8.9","7,1029","-8.9","7,1029","-1.7","7,0619","-2.2","7,0530","-5.6","7,0513","-7.8","7,0429","-10.6","7,0414","    3620.9","9","    3620.9","7","    181.3"," ,7","      267"," ,7","     10.12","7","     19.48","7","      0.75","7"
"USC00264935","2015","41.99343","-117.71672","1380.1","MCDERMITT, NV US","","","","","","","","","","","","","","","","","","","","","","","","","         1"," ","         2"," ","","","","","","","","","","","","","","","","","","","","","","","","","","","","","","","","","","","","","","","","","","","",""
"USC00264935","2016","41.99343","-117.71672","1380.1","MCDERMITT, NV US","","","","","","","","","","","       45","","        12","7","","","","","","","","","","","         1"," ","         2"," ","","","   152"," ,7,1219,+","   178"," ,7,1214, ","","","","","","","","","","","","","","","","","","","","","","","","","","","","","","","      847"," ,7","","","","","",""
"USC00264935","2017","41.99343","-117.71672","1380.1","MCDERMITT, NV US","    292.7","","     292.7","7","        74","7","        25","7","         1","7","       48","","        11","7","         9","7","       181","7","        21","7","       144","7","        67","7","         3"," ","         2"," ","  -35.6","7,0106, ","   508"," ,7,0107, ","   229"," ,7,0104, ","  57.2"," ,7,0612, ","   37.8","7,0903,+","-2.2","7,0915","-2.2","7,0915","-5.0","7,0916","-8.3","7,1005","-9.4","7,1009","-0.6","7,0609","-2.2","7,0517","-5.0","7,0429","-7.8","7,0415","-8.9","7,0302","","","","","    247.9"," ,7","      914"," ,7","      8.98","7","     18.13","7","     -0.17","7"
"USC00264935","2018","41.99343","-117.71672","1380.1","MCDERMITT, NV US","    222.5","","     222.5","7","        68","7","        26","7","         1","7","       16","","         8","7","         8","7","       196","7","        17","7","       160","7","        51","7","","","","","  -20.0","7,0220, ","    51"," ,7,1228,+","    51"," ,7,1224,+","  28.4"," ,7,0527, ","   38.9","7,0809, ","-0.6","7,0828","-5.6","7,0916","-5.6","7,0916","-7.2","7,1008","-13.9","7,1015","-1.7","7,0611","-2.2","7,0610","-4.4","7,0503","-7.8","7,0418","-13.9","7,0403","    3571.1","1","    3571.1","7","    198.3"," ,7","      294"," ,7","      8.82","7","     18.37","7","     -0.73","7"
"USC00264935","2019","41.99343","-117.71672","1380.1","MCDERMITT, NV US","    165.1","","     165.1","7","        82","7","        36","7","         0","7","       29","","        16","7","         5","7","       197","7","        18","7","       134","7","        44","7","         4"," ","         2"," ","  -23.3","7,1030, ","   254"," ,7,1201,+","   178"," ,7,1127, ","  15.0"," ,7,0214, ","   36.1","7,0806,+","-1.1","7,0912","-2.2","7,0926","-6.1","7,0929","-9.4","7,1002","-9.4","7,1002","-2.2","7,0621","-2.2","7,0621","-4.4","7,0503","-9.4","7,0501","-9.4","7,0501","    3877.0","0","    3877.0","7","    246.0"," ,7","      994"," ,7","      8.03","7","     16.92","7","     -0.86","7"
"USC00264935","2020","41.99343","-117.71672","1380.1","MCDERMITT, NV US","","","","","","","","","","","","","","","","","","","","","","","","","         1"," ","         2"," ","","","","","","","","","","","","","","","","","","","","","","","","","","","","","","","","","","","","","","","","","","","",""
"USC00264935","2021","41.99343","-117.71672","1380.1","MCDERMITT, NV US","    346.9","","     346.9","7","        23","7","        18","7","         1","7","       21","","         9","7","         1","7","       204","7","        15","7","       152","7","        67","7","         1"," ","","","  -20.6","7,1215, ","   254"," ,7,1226,+","   229"," ,7,1225, ","  43.2"," ,7,1225, ","   40.0","7,0713, ","-1.1","7,0822","-2.8","7,0920","-5.6","7,1017","-6.7","7,1105","-11.1","7,1121","-1.1","7,0530","-4.4","7,0511","-4.4","7,0511","-8.3","7,0422","-11.1","7,0408","    3581.3","3","    3581.3","7","    155.8"," ,7","      752"," ,7","      9.09","7","     18.72","7","     -0.53","7"
"USC00264935","2022","41.99343","-117.71672","1380.1","MCDERMITT, NV US","","","","","","","","","","","","","","","","","","","","","","","","","         4"," ","         5"," ","","","","","","","","","","","","","","","","","","","","","","","","","","","","","","","","","","","","","","","","","","","",""
"USC00264935","2023","41.99343","-117.71672","1380.1","MCDERMITT, NV US","    223.1","","     223.1","7","        80","7","        37","7","         0","7","        3","","         3","7","         1","7","       194","7","         7","7","       162","7","        50","7","","","","","  -17.8","7,0124, ","    25"," ,7,0228,+","    30"," ,7,0122, ","  13.7"," ,7,0821, ","   40.6","7,0722, ","-0.6","7,0915","-3.3","7,0920","-4.4","7,0921","-7.8","7,1027","-15.0","7,1029","0.0","7,0620","-5.0","7,0427","-5.0","7,0427","-8.9","7,0420","-8.9","7,0420","","","","","    251.5"," ,7","       88"," ,7","      8.53","7","     17.84","7","     -0.77","7"
