"STATION","DATE","LATITUDE","LONGITUDE","ELEVATION","NAME","AWND","AWND_ATTRIBUTES","CDSD","CDSD_ATTRIBUTES","CLDD","CLDD_ATTRIBUTES","DP01","DP01_ATTRIBUTES","DP10","DP10_ATTRIBUTES","DP1X","DP1X_ATTRIBUTES","DSND","DSND_ATTRIBUTES","DSNW","DSNW_ATTRIBUTES","DT00","DT00_ATTRIBUTES","DT32","DT32_ATTRIBUTES","DX32","DX32_ATTRIBUTES","DX70","DX70_ATTRIBUTES","DX90","DX90_ATTRIBUTES","DYFG","DYFG_ATTRIBUTES","DYHF","DYHF_ATTRIBUTES","DYTS","DYTS_ATTRIBUTES","EMNT","EMNT_ATTRIBUTES","EMSD","EMSD_ATTRIBUTES","EMSN","EMSN_ATTRIBUTES","EMXP","EMXP_ATTRIBUTES","EMXT","EMXT_ATTRIBUTES","FZF0","FZF0_ATTRIBUTES","FZF1","FZF1_ATTRIBUTES","FZF2","FZF2_ATTRIBUTES","FZF3","FZF3_ATTRIBUTES","FZF4","FZF4_ATTRIBUTES","FZF5","FZF5_ATTRIBUTES","FZF6","FZF6_ATTRIBUTES","FZF7","FZF7_ATTRIBUTES","FZF8","FZF8_ATTRIBUTES","FZF9","FZF9_ATTRIBUTES","HDSD","HDSD_ATTRIBUTES","HTDD","HTDD_ATTRIBUTES","PRCP","PRCP_ATTRIBUTES","SNOW","SNOW_ATTRIBUTES","TAVG","TAVG_ATTRIBUTES","TMAX","TMAX_ATTRIBUTES","TMIN","TMIN_ATTRIBUTES","WDF1","WDF1_ATTRIBUTES","WDF2","WDF2_ATTRIBUTES","WDF5","WDF5_ATTRIBUTES","WDFG","WDFG_ATTRIBUTES","WSF1","WSF1_ATTRIBUTES","WSF2","WSF2_ATTRIBUTES","WSF5","WSF5_ATTRIBUTES","WSFG","WSFG_ATTRIBUTES"
"USW00013865","1945","32.33483","-88.75073","88.1","MERIDIAN KEY FIELD, MS US","","","   1245.3","","    1245.3","6","       115","6","        83","6","        23","6","        0","","         0","6","         0","6","        40","6","         0","6","       258","6","       100","6","","","","","","","  -10.0","6,1220, ","     0"," ,6,1231,+","     0","T,6,1218,+"," 100.6"," ,6,0428, ","   36.7","6,0901,+","-0.6","6,1115","-5.6","6,1124","-5.6","6,1124","-7.2","6,1216","-8.9","6,1217","0.0","6,0224","-4.4","6,0201","-4.4","6,0201","","","","","    1286.2","2","    1286.2","6","   1558.0"," ,6","        0","T,6","     18.25","6","     24.90","6","     11.59","6","","","","","","","","","","","","","","","",""
"USW00013865","1946","32.33483","-88.75073","88.1","MERIDIAN KEY FIELD, MS US","","","   1104.3","","    1104.3","6","       111","6","        86","6","        14","6","","","","","         0","6","        35","6","         0","6","       276","6","        55","6","","","","","","","   -8.3","6,0123, ","","","",""," 101.3"," ,6,0209, ","   36.1","6,0817, ","0.0","6,1124","-3.3","6,1203","","","","","","","-1.1","6,0301","-2.2","6,0221","-5.6","6,0201","-8.3","6,0123","","","    1217.6","6","    1217.6","6","   1455.3"," ,6","","","     18.49","6","     25.04","6","     11.93","6","","","","","","","","","","","","","","","",""
"USW00013865","1947","32.33483","-88.75073","88.1","MERIDIAN KEY FIELD, MS US","","","   1209.4","","    1209.4","6","       114","6","        82","6","        16","6","","","","","         0","6","        52","6","         1","6","       243","6","        86","6","","","","","","","   -9.4","6,0210, ","","","","","  90.2"," ,6,0119, ","   38.9","6,0904,+","0.0","6,1109","-2.2","6,1129","-4.4","6,1201","","","","","0.0","6,0329","-6.7","6,0303","-6.7","6,0303","-6.7","6,0303","-9.4","6,0210","    1322.9","9","    1322.9","6","   1531.7"," ,6","","","     17.71","6","     24.39","6","     11.02","6","","","","","","","","","","","","","","","",""
"USW00013865","1948","32.33483","-88.75073","88.1","MERIDIAN KEY FIELD, MS US","","","   1213.3","","    1213.3","0","       121","0","        88","0","        25","0","        4","","         2","0","         0","0","        46","0","         2","0","       263","0","        91","0","       151"," ","","","        76"," ","  -12.2","0,0118, ","   127"," ,0,0123, ","   122"," ,0,0123, ","  74.4"," ,0,1126, ","   38.3","0,0723, ","-1.1","0,1019","-3.3","0,1211","-4.4","0,1231","","","","","-1.1","0,0329","-2.8","0,0313","-5.6","0,0201","-7.2","0,0125","-11.1","0,0124","    1315.3","3","    1315.3","0","   1762.0"," ,0","      173"," ,0","     18.18","0","     24.87","0","     11.50","0","","","","","","","","","","","","","","","",""
"USW00013865","1949","32.33483","-88.75073","88.1","MERIDIAN KEY FIELD, MS US","","","   1269.6","","    1269.6","0","       126","0","        88","0","        17","0","        0","","         0","0","         0","0","        38","0","         2","0","       265","0","        84","0","       143"," ","","","        76"," ","   -5.6","0,0101, ","     0","T,0,0131,+","     0","T,0,1215,+","  97.8"," ,0,0330, ","   36.7","0,0710, ","-1.1","0,1104","-2.2","0,1118","-4.4","0,1216","","","","","0.0","0,0320","-2.2","0,0202","-4.4","0,0201","","","","","    1011.4","4","    1011.4","0","   1555.7"," ,0","        0","T,0","     18.87","0","     25.26","0","     12.47","0","","","","","","","","","","","","","","","",""
"USW00013865","1950","32.33483","-88.75073","88.1","MERIDIAN KEY FIELD, MS US","","","   1195.3","","    1195.3","0","       107","0","        80","0","        19","0","        0","","         0","0","         0","0","        49","0","         0","0","       266","0","        76","0","       144"," ","","","        69"," ","   -8.9","0,1125, ","     0"," ,0,1231,+","     0","T,0,1208,+","  79.2"," ,0,0106, ","   36.7","0,0618, ","-1.1","0,1105","-2.2","0,1111","-5.0","0,1112","-8.9","0,1125","-8.9","0,1125","0.0","0,0416","-2.2","0,0309","","","","","","","    1054.1","1","    1054.1","0","   1333.9"," ,0","        0","T,0","     18.24","0","     24.74","0","     11.74","0","","","","","","","","","","","","","","","",""
"USW00013865","1951","32.33483","-88.75073","88.1","MERIDIAN KEY FIELD, MS US","","","   1414.0","","    1414.0","0","        89","0","        58","0","        13","0","        1","","         0","0","         0","0","        51","0","         1","0","       267","0","       114","0","        89"," ","","","        53"," ","  -13.3","0,0202, ","    25"," ,0,0201, ","    15"," ,0,0201, "," 111.3"," ,0,0328, ","   40.0","0,0831, ","-3.3","0,1103","-3.3","0,1103","-5.6","0,1108","-6.7","0,1118","","","0.0","0,0417","-5.0","0,0208","-5.0","0,0208","-8.3","0,0204","-12.8","0,0203","    1386.0","0","    1386.0","0","   1079.0"," ,0","       15"," ,0","     18.69","0","     25.83","0","     11.55","0","","","","","","","","","","","","","","","",""
"USW00013865","1952","32.33483","-88.75073","88.1","MERIDIAN KEY FIELD, MS US","","","   1250.5","","    1250.5","0","        73","0","        60","0","        12","0","        0","","         0","0","         0","0","        45","0","         0","0","       251","0","       103","0","        62"," ","","","        43"," ","   -7.2","0,1215, ","     0"," ,0,1231,+","     0","T,0,0323, ","  81.3"," ,0,0519, ","   39.4","0,0817,+","-0.6","0,1021","-2.8","0,1029","-4.4","0,1030","-7.2","0,1215","","","0.0","0,0406","-2.2","0,0207","-4.4","0,0107","","","","","    1158.4","4","    1158.4","0","    976.8"," ,0","        0","T,0","     18.23","0","     25.42","0","     11.05","0","","","","","","","","","","","","","","","",""
"USW00013865","1953","32.33483","-88.75073","88.1","MERIDIAN KEY FIELD, MS US","","","   1279.7","","    1279.7","0","       100","0","        83","0","        17","0","        0","","         0","0","         0","0","        42","0","         0","0","       258","0","       102","0","        56"," ","","","        53"," ","   -8.9","0,1219, ","     0"," ,0,1231,+","     0","T,0,0221, ","  70.6"," ,0,0429, ","   38.9","0,0619, ","-1.7","0,1030","-3.9","0,1110","-4.4","0,1217","-7.2","0,1218","-8.9","0,1219","0.0","0,0421","-3.9","0,0218","","","","","","","    1281.8","8","    1281.8","0","   1391.8"," ,0","        0","T,0","     18.44","0","     25.41","0","     11.46","0","","","","","","","","","","","","","","","",""
"USW00013865","1954","32.33483","-88.75073","88.1","MERIDIAN KEY FIELD, MS US","","","   1425.8","","    1425.8","0","        82","0","        60","0","         9","0","        0","","         0","0","         0","0","        54","0","         0","0","       245","0","       121","0","        45"," ","","","        52"," ","   -7.2","0,1103, ","     0"," ,0,1231,+","     0"," ,0,1231,+","  49.5"," ,0,0327, ","   39.4","0,0816,+","-1.1","0,1030","-7.2","0,1103","-7.2","0,1103","-7.2","0,1103","","","0.0","0,0318","-2.8","0,0316","","","","","","","    1300.9","9","    1300.9","0","    897.7"," ,0","        0"," ,0","     18.64","0","     26.00","0","     11.29","0","","","","","","","","","","","","","","","",""
"USW00013865","1955","32.33483","-88.75073","88.1","MERIDIAN KEY FIELD, MS US","","","   1308.7","","    1308.7","0","        82","0","        67","0","        12","0","        0","","         0","0","         0","0","        61","0","         0","0","       257","0","       100","0","        61"," ","","","        58"," ","   -8.3","0,1216, ","     0"," ,0,1231,+","     0","T,0,0123, ","  74.4"," ,0,0830, ","   36.1","0,0921,+","0.0","0,1025","-2.2","0,1026","-4.4","0,1128","-6.7","0,1210","","","0.0","0,0331","-2.8","0,0329","-6.7","0,0327","-6.7","0,0327","","","    1339.8","8","    1339.8","0","   1051.8"," ,0","        0","T,0","     18.16","0","     25.05","0","     11.28","0","","","","","","","","","","","","","","","",""
"USW00013865","1956","32.33483","-88.75073","88.1","MERIDIAN KEY FIELD, MS US","","","   1185.3","","    1185.3","0","        96","0","        73","0","         7","0","        0","","         0","0","         0","0","        48","0","         0","0","       269","0","        94","0","        67"," ","","","        56"," ","   -7.8","0,1130, ","     0"," ,0,1231,+","     0"," ,0,1231,+","  90.2"," ,0,0315, ","   37.8","0,0810,+","-2.2","0,1109","-2.2","0,1109","-4.4","0,1110","-7.2","0,1123","","","-2.2","0,0321","-2.2","0,0321","-5.6","0,0117","-6.7","0,0101","","","    1386.9","9","    1386.9","0","   1021.2"," ,0","        0"," ,0","     18.30","0","     25.52","0","     11.09","0","","","","","","","","","","","","","","","",""
"USW00013865","1957","32.33483","-88.75073","88.1","MERIDIAN KEY FIELD, MS US","","","   1261.8","","    1261.8","0","       126","0","        84","0","        11","0","        0","","         0","0","         0","0","        39","0","         0","0","       255","0","        97","0","       107"," ","","","        58"," ","  -10.0","0,1212, ","     0","T,0,0308, ","     0","T,0,0308, "," 106.9"," ,0,1113, ","   37.2","0,0714,+","0.0","0,1027","-2.8","0,1028","-5.0","0,1201","-7.8","0,1211","-10.0","0,1212","-1.1","0,0327","-2.8","0,0309","-9.4","0,0119","-9.4","0,0119","-9.4","0,0119","    1071.4","4","    1071.4","0","   1261.3"," ,0","        0","T,0","     18.53","0","     24.88","0","     12.18","0","","","","","","","","","","","","","","","",""
"USW00013865","1958","32.33483","-88.75073","88.1","MERIDIAN KEY FIELD, MS US","","","   1224.2","","    1224.2","0","       106","0","        77","0","        20","0","        0","","         0","0","         0","0","        63","0","         1","0","       229","0","        89","0","       118"," ","","","        60"," ","   -9.4","0,0218, ","     0"," ,0,1231,+","    23"," ,0,0210, ","  89.9"," ,0,0709, ","   36.7","0,0718,+","0.0","0,1121","-3.3","0,1129","-4.4","0,1208","-7.2","0,1215","","","-1.1","0,0321","-6.1","0,0221","-6.1","0,0221","-9.4","0,0218","-9.4","0,0218","    1587.6","6","    1587.6","0","   1389.4"," ,0","       23"," ,0","     17.17","0","     23.54","0","     10.81","0","","","","","","","","","","","","","","","",""
"USW00013865","1959","32.33483","-88.75073","88.1","MERIDIAN KEY FIELD, MS US","","","   1252.5","","    1252.5","0","       122","0","        86","0","        17","0","        0","","         0","0","         0","0","        61","0","         1","0","       240","0","        95","0","       131"," ","","","        59"," ","   -9.4","0,0105, ","     0"," ,0,1231,+","     0","T,0,0116, "," 176.5"," ,0,0702, ","   36.1","0,0629, ","-1.1","0,1106","-3.3","0,1107","-5.6","0,1118","-8.3","0,1130","","","-0.6","0,0414","-2.2","0,0307","-5.6","0,0221","-8.3","0,0117","-9.4","0,0105","    1400.5","5","    1400.5","0","   1601.5"," ,0","        0","T,0","     17.87","0","     24.38","0","     11.36","0","","","","","","","","","","","","","","","",""
"USW00013865","1960","32.33483","-88.75073","88.1","MERIDIAN KEY FIELD, MS US","","","   1198.1","","    1198.1","0","        99","0","        81","0","        21","0","        3","","         2","0","         0","0","        60","0","         0","0","       239","0","       101","0","       176"," ","","","        53"," ","  -10.0","0,0214, ","    76"," ,0,0214, ","    53"," ,0,0213, ","  82.6"," ,0,1030, ","   38.3","0,0713, ","-0.6","0,1108","-3.9","0,1112","-6.1","0,1202","-6.7","0,1203","-8.9","0,1217","0.0","0,0411","-3.9","0,0322","-5.0","0,0306","-10.0","0,0214","-10.0","0,0214","    1630.1","1","    1630.1","0","   1400.9"," ,0","       78"," ,0","     17.09","0","     23.73","0","     10.45","0","","","","","","","","","","","","","","","",""
"USW00013865","1961","32.33483","-88.75073","88.1","MERIDIAN KEY FIELD, MS US","","","   1025.8","","    1025.8","0","       119","0","        86","0","        20","0","        0","","         0","0","         0","0","        48","0","         1","0","       248","0","        70","0","       186"," ","","","        68"," ","  -10.6","0,0122, ","     0","T,0,0128, ","     0","T,0,1208,+"," 126.0"," ,0,0221, ","   35.6","0,0803, ","0.0","0,1020","-2.2","0,1109","-5.0","0,1130","-7.8","0,1229","","","-1.1","0,0310","-2.2","0,0211","-4.4","0,0204","-7.2","0,0130","-10.6","0,0122","    1437.9","9","    1437.9","0","   1752.3"," ,0","        0","T,0","     17.27","0","     23.92","0","     10.62","0","","","","","","","","","","","","","","","",""
"USW00013865","1962","32.33483","-88.75073","88.1","MERIDIAN KEY FIELD, MS US","","","   1346.4","","    1346.4","0","        91","0","        63","0","         9","0","        5","","         1","0","         1","0","        51","0","         4","0","       244","0","       112","0","       126"," ","","","        57"," ","  -17.8","0,0112, ","   102"," ,0,0112,+","   102"," ,0,0109, ","  88.9"," ,0,0331, ","   38.3","0,0723,+","-0.6","0,1026","-2.2","0,1110","-4.4","0,1207","-6.7","0,1211","-13.3","0,1212","-0.6","0,0403","-2.2","0,0307","-4.4","0,0306","-7.8","0,0114","-16.1","0,0113","    1384.4","4","    1384.4","0","    982.1"," ,0","      102"," ,0","     17.99","0","     25.14","0","     10.83","0","","","","","","","","","","","","","","","",""
"USW00013865","1963","32.33483","-88.75073","88.1","MERIDIAN KEY FIELD, MS US","","","   1215.2","","    1215.2","0","        90","0","        68","0","         6","0","        3","","         4","0","         0","0","        83","0","         5","0","       247","0","       102","0","       159"," ","","","        58"," ","  -15.6","0,0124, ","   102"," ,0,1221, ","   356"," ,0,1231, ","  85.1"," ,0,0820, ","   39.4","0,0614, ","-1.7","0,1030","-2.8","0,1102","-6.1","0,1114","-7.8","0,1215","-8.9","0,1217","-1.1","0,0323","-8.3","0,0227","-8.3","0,0227","-8.3","0,0227","-9.4","0,0222","    1562.3","3","    1562.3","0","    958.8"," ,0","      497"," ,0","     17.20","0","     24.48","0","      9.92","0","","","","","","","","","","","","","","","",""
"USW00013865","1964","32.33483","-88.75073","88.1","MERIDIAN KEY FIELD, MS US","","","   1151.0","","    1151.0","0","       111","0","        82","0","        22","0","        3","","         1","0","         0","0","        60","0","         1","0","       250","0","        78","0","       188"," ","","","        67"," ","  -12.2","0,0115, ","   381"," ,0,0101, ","    25"," ,0,0101, ","  87.9"," ,0,1004, ","   38.3","0,0621, ","-1.1","0,1020","-2.8","0,1121","-5.0","0,1122","-7.2","0,1207","","","-1.7","0,0330","-2.2","0,0306","-8.9","0,0223","-8.9","0,0223","-8.9","0,0223","    1606.5","5","    1606.5","0","   1741.6"," ,0","       25"," ,0","     17.46","0","     24.33","0","     10.59","0","","","","","","","","","","","","","","","",""
"USW00013865","1965","32.33483","-88.75073","88.1","MERIDIAN KEY FIELD, MS US","","","   1128.1","","    1128.1","0","        97","0","        66","0","        14","0","        0","","         0","0","         0","0","        65","0","         0","0","       264","0","        71","0","       196"," ","        39"," ","        62"," ","  -10.0","0,0117, ","     0","T,0,0225,+","     0","T,0,0307,+","  68.6"," ,0,0707, ","   35.0","0,0603, ","0.0","0,1024","-2.2","0,1118","-5.6","0,1130","-7.8","0,1201","","","-3.3","0,0322","-3.3","0,0322","-6.7","0,0321","-6.7","0,0321","-8.9","0,0131","    1377.6","6","    1377.6","0","    950.4"," ,0","        0","T,0","     17.72","0","     24.73","0","     10.71","0","       350","X","","","","","","","      31.7","X","","","","","",""
"USW00013865","1966","32.33483","-88.75073","88.1","MERIDIAN KEY FIELD, MS US","","","   1029.9","","    1029.9","0","       107","0","        83","0","        19","0","        0","","         0","0","         0","0","        55","0","         1","0","       252","0","        58","0","       180"," ","        32"," ","        61"," ","  -14.4","0,0130, ","     0","T,0,0120, ","     0","T,0,1223,+","  71.4"," ,0,0215, ","   38.9","0,0715, ","-5.6","0,1102","-5.6","0,1102","-5.6","0,1102","-7.8","0,1103","-8.9","0,1225","0.0","0,0405","-4.4","0,0325","-4.4","0,0325","-6.7","0,0307","-10.6","0,0131","    1460.0","0","    1460.0","0","   1484.1"," ,0","        0","T,0","     17.04","0","     23.66","0","     10.42","0","       260","X","","","","","","","      13.4","X","","","","","",""
"USW00013865","1967","32.33483","-88.75073","88.1","MERIDIAN KEY FIELD, MS US","","","   1016.1","","    1016.1","0","        85","0","        62","0","        17","0","        0","","         0","0","         0","0","        57","0","         0","0","       263","0","        49","0","       139"," ","        32"," ","        38"," ","   -7.8","0,0208, ","     0"," ,0,1231,+","     0","T,0,1227,+","  82.6"," ,0,0809, ","   36.7","0,0620, ","-1.7","0,1104","-3.3","0,1105","-5.0","0,1224","","","","","-0.6","0,0319","-4.4","0,0226","-4.4","0,0226","-6.7","0,0225","","","    1258.1","1","    1258.1","0","   1206.8"," ,0","        0","T,0","     17.47","0","     24.40","0","     10.55","0","       170","X","","","","","","","      15.6","X","","","","","",""
"USW00013865","1968","32.33483","-88.75073","88.1","MERIDIAN KEY FIELD, MS US","","","   1163.3","","    1163.3","0","       104","0","        74","0","        14","0","        1","","         2","0","         0","0","        77","0","         1","0","       249","0","        79","0","       155"," ","        21"," ","        61"," ","   -7.8","0,0224,+","    51"," ,0,0224, ","    76"," ,0,0223, ","  82.8"," ,0,1221, ","   38.3","0,0727, ","0.0","0,1026","-3.3","0,1113","-6.1","0,1209","-6.7","0,1215","","","-0.6","0,0325","-5.6","0,0324","-5.6","0,0324","-7.8","0,0224","","","    1515.7","7","    1515.7","0","   1152.7"," ,0","      114"," ,0","     17.17","0","     24.29","0","     10.05","0","       140","X","","","","","","","      14.3","X","","","","","",""
"USW00013865","1969","32.33483","-88.75073","88.1","MERIDIAN KEY FIELD, MS US","","","   1091.7","","    1091.7","0","        90","0","        72","0","        11","0","        0","","         0","0","         0","0","        64","0","         0","0","       234","0","        75","0","       173"," ","        22"," ","        48"," ","   -9.4","0,0105, ","     0"," ,0,1231,+","     0"," ,0,1231,+","  86.4"," ,0,0413, ","   39.4","0,0629, ","-0.6","0,1104","-4.4","0,1114","-4.4","0,1114","","","","","-0.6","0,0328","-2.8","0,0313","-5.0","0,0112","-9.4","0,0105","-9.4","0,0105","    1512.6","6","    1512.6","0","   1046.3"," ,0","        0"," ,0","     17.27","0","     23.96","0","     10.59","0","       200","X","","","","","","","      13.0","X","","","","","",""
"USW00013865","1970","32.33483","-88.75073","88.1","MERIDIAN KEY FIELD, MS US","","","   1237.6","","    1237.6","0","       108","0","        75","0","        14","0","        0","","         0","0","         0","0","        56","0","         0","0","       248","0","        97","0","       232"," ","        43"," ","        50"," ","  -13.3","0,0109, ","     0"," ,0,1231,+","     0","T,0,0122,+"," 120.1"," ,0,1019, ","   38.9","0,0703, ","-0.6","0,1106","-3.3","0,1117","-6.7","0,1124","-6.7","0,1124","","","-1.7","0,0316","-2.2","0,0315","-4.4","0,0213","-11.1","0,0204","-11.1","0,0204","    1527.6","6","    1527.6","0","   1315.5"," ,0","        0","T,0","     17.66","0","     24.51","0","     10.81","0","       280","X","","","","","","","      14.8","X","","","","","",""
"USW00013865","1971","32.33483","-88.75073","88.1","MERIDIAN KEY FIELD, MS US","","","   1167.0","","    1167.0","0","       115","0","        85","0","        17","0","        0","","         0","0","         0","0","        43","0","         0","0","       262","0","        73","0","       238"," ","        37"," ","        72"," ","  -10.6","0,0210, ","     0","T,0,0108, ","     0","T,0,1122,+"," 120.1"," ,0,0716, ","   37.8","0,0614, ","0.0","0,1108","","","","","","","","","-0.6","0,0408","-3.3","0,0308","-6.7","0,0214","-6.7","0,0214","-10.6","0,0210","    1417.3","3","    1417.3","0","   1595.7"," ,0","        0","T,0","     18.07","0","     24.63","0","     11.50","0","        40","X","","","","","       270","X","      12.5","X","","","","","      24.2","X"
"USW00013865","1972","32.33483","-88.75073","88.1","MERIDIAN KEY FIELD, MS US","","","   1264.4","","    1264.4","0","        95","0","        73","0","        21","0","        0","","         0","0","         0","0","        28","0","         0","0","       263","0","        97","0","       172"," ","        21"," ","        60"," ","  -10.0","0,0116, ","     0"," ,0,1231,+","     0"," ,0,1231,+","  95.3"," ,0,0109, ","   37.8","0,0908, ","-0.6","0,1124","-5.6","0,1217","-5.6","0,1217","-6.7","0,1218","","","-1.1","0,0306","-2.8","0,0220","-5.0","0,0205","-7.8","0,0117","-10.0","0,0116","     999.6","6","     999.6","0","   1469.7"," ,0","        0"," ,0","     18.57","0","     25.24","0","     11.91","0","       320","X","","","","","       315","X","      14.3","X","","","","","      23.1","X"
"USW00013865","1973","32.33483","-88.75073","88.1","MERIDIAN KEY FIELD, MS US","","","   1294.0","","    1294.0","0","       108","0","        89","0","        28","0","        0","","         0","0","         0","0","        37","0","         0","0","       263","0","        73","0","       190"," ","        31"," ","        76"," ","   -8.3","0,0113, ","     0","T,0,1221, ","     5"," ,0,1220, "," 202.9"," ,0,1225, ","   35.0","0,0723, ","0.0","0,1206","-3.9","0,1208","-5.0","0,1211","","","","","-0.6","0,0411","-2.2","0,0222","-6.7","0,0211","-6.7","0,0211","","","    1287.9","9","    1287.9","0","   2007.5"," ,0","        5"," ,0","     18.66","0","     25.05","0","     12.27","0","       270","X","","","","","       270","X","      13.0","X","","","","","      22.6","X"
"USW00013865","1974","32.33483","-88.75073","88.1","MERIDIAN KEY FIELD, MS US","","","   1216.7","","    1216.7","0","       104","0","        85","0","        16","0","        0","","         0","0","         0","0","        29","0","         0","0","       278","0","        78","0","       226"," ","        39"," ","        71"," ","   -7.2","0,1210, ","     0"," ,0,1231,+","     0","T,0,1130,+"," 143.0"," ,0,0412, ","   36.7","0,0729,+","-1.1","0,1115","-3.9","0,1204","-5.0","0,1205","-7.2","0,1210","","","-1.7","0,0227","-4.4","0,0226","-4.4","0,0226","","","","","     870.0","0","     870.0","0","   1570.7"," ,0","        0","T,0","     18.94","0","     25.57","0","     12.29","0","       350","X","","","","","       225","X","      11.6","X","","","","","      22.1","X"
"USW00013865","1975","32.33483","-88.75073","88.1","MERIDIAN KEY FIELD, MS US","","","   1205.2","","    1205.2","0","       127","0","        91","0","        21","0","        0","","         0","0","         0","0","        53","0","         0","0","       255","0","        76","0","       241"," ","        46"," ","        67"," ","   -9.4","0,1219, ","     0"," ,0,1231,+","     0","T,0,1225,+","  72.9"," ,0,0216, ","   34.4","0,0904,+","0.0","0,1113","-2.2","0,1114","-4.4","0,1125","-7.8","0,1218","-9.4","0,1219","0.0","0,0404","-4.4","0,0305","-4.4","0,0305","-7.2","0,0114","","","    1229.2","2","    1229.2","0","   1665.7"," ,0","        0","T,0","     17.92","0","     24.21","0","     11.62","0","       150","X","","","","","       225","X","      14.8","X","","","","","      20.6","X"
"USW00013865","1976","32.33483","-88.75073","88.1","MERIDIAN KEY FIELD, MS US","","","    774.3","","     774.3","0","       101","0","        74","0","        14","0","        0","","         0","0","         0","0","        73","0","         0","0","       239","0","        40","0","       245"," ","        40"," ","        59"," ","  -10.0","0,0109, ","     0"," ,0,1231,+","     0","T,0,1128,+","  94.0"," ,0,0330, ","   36.1","0,0824,+","-1.7","0,1021","-2.8","0,1105","-4.4","0,1106","-8.9","0,1130","-8.9","0,1130","-0.6","0,0317","-2.8","0,0223","-6.7","0,0208","-6.7","0,0208","-10.0","0,0109","    1388.6","6","    1388.6","0","   1268.5"," ,0","        0","T,0","     16.09","0","     23.41","0","      8.77","0","       170","X","","","","","       135","X","      13.0","X","","","","","      27.8","X"
"USW00013865","1977","32.33483","-88.75073","88.1","MERIDIAN KEY FIELD, MS US","","","   1359.7","","    1359.7","0","       116","0","        87","0","        24","0","        2","","         3","0","         0","0","        61","0","         3","0","       250","0","       105","0","       245"," ","        28"," ","        61"," ","  -15.6","0,0119, ","    76"," ,0,0131, ","    51"," ,0,0130,+"," 114.3"," ,0,0906, ","   38.9","0,0704, ","-3.3","0,1111","-3.3","0,1111","-5.0","0,1207","","","","","0.0","0,0323","-3.9","0,0221","-5.6","0,0216","-8.3","0,0201","-8.9","0,0129","    1774.9","9","    1774.9","0","   1805.7"," ,0","      127"," ,0","     18.10","0","     24.75","0","     11.45","0","       130","X","","","","","        90","X","      11.6","X","","","","","      25.7","X"
"USW00013865","1978","32.33483","-88.75073","88.1","MERIDIAN KEY FIELD, MS US","","","   1155.7","","    1155.7","0","       103","0","        71","0","        12","0","        2","","         1","0","         0","0","        78","0","         1","0","       245","0","        86","0","       261"," ","        28"," ","        55"," ","   -8.9","0,0222, ","    25"," ,0,0120,+","    25"," ,0,0119, ","  51.8"," ,0,0411, ","   37.8","0,0629, ","0.0","0,1015","-2.2","0,1205","-4.4","0,1209","-7.8","0,1210","","","-1.1","0,0328","-2.2","0,0317","-7.8","0,0305","-7.8","0,0305","-8.9","0,0222","    1658.2","2","    1658.2","0","    984.8"," ,0","       25"," ,0","     16.88","0","     23.85","0","      9.90","0","       360","X","","","","","       225","X","      13.9","X","","","","","      21.6","X"
"USW00013865","1979","32.33483","-88.75073","88.1","MERIDIAN KEY FIELD, MS US","","","   1057.6","","    1057.6","0","       120","0","        87","0","        22","0","        0","","         0","0","         0","0","        57","0","         1","0","       242","0","        56","0","       246"," ","        37"," ","        51"," ","  -11.7","0,0103, ","     0"," ,0,1231,+","     0","T,0,0225,+"," 164.6"," ,0,0303, ","   37.2","0,0705, ","0.0","0,1104","-3.3","0,1129","-6.7","0,1130","-6.7","0,1130","","","-1.7","0,0326","-3.3","0,0227","-5.6","0,0211","-9.4","0,0210","-9.4","0,0210","    1440.9","9","    1440.9","0","   1856.3"," ,0","        0","T,0","     16.98","0","     23.28","0","     10.67","0","        20","X","","","","","        45","X","      20.1","X","","","","","      30.8","X"
"USW00013865","1980","32.33483","-88.75073","88.1","MERIDIAN KEY FIELD, MS US","","","   1340.0","","    1340.0","0","       106","0","        80","0","        28","0","        0","","         0","0","         0","0","        59","0","         0","0","       246","0","       103","0","       262"," ","        24"," ","        49"," ","   -9.4","0,0303, ","     0","T,0,0302, ","     0","T,0,1226,+","  74.9"," ,0,0413, ","   41.7","0,0714, ","0.0","0,1031","-2.2","0,1120","-5.6","0,1228","","","","","-0.6","0,0315","-9.4","0,0303","-9.4","0,0303","-9.4","0,0303","-9.4","0,0303","    1392.2","2","    1392.2","0","   1739.4"," ,0","        0","T,0","     18.16","0","     25.06","0","     11.26","0","       240","X","","","","","       270","X","      13.0","X","","","","","      20.0","X"
"USW00013865","1981","32.33483","-88.75073","88.1","MERIDIAN KEY FIELD, MS US","","","   1364.6","","    1364.6","0","        90","0","        66","0","        12","0","        0","","         0","0","         0","0","        50","0","         0","0","       268","0","       106","0","       218"," ","        24"," ","        36"," ","  -10.0","0,1220,+","     0"," ,0,1231,+","     0","T,0,0211,+","  74.4"," ,0,0329, ","   40.0","0,0724,+","0.0","0,1112","-3.3","0,1121","-6.1","0,1218","-8.9","0,1219","-8.9","0,1219","-1.1","0,0320","-4.4","0,0213","-4.4","0,0213","-8.3","0,0212","-8.9","0,0203","    1357.2","2","    1357.2","0","   1104.5"," ,0","        0","T,0","     18.53","0","     25.87","0","     11.20","0","       240","X","","","","","       225","X","      15.6","X","","","","","      20.6","X"
"USW00013865","1982","32.33483","-88.75073","88.1","MERIDIAN KEY FIELD, MS US","","","   1393.4","","    1393.4","0","       118","0","        78","0","        23","0","        2","","         1","0","         0","0","        33","0","         1","0","       281","0","       103","0","       238"," ","        43"," ","        56"," ","  -15.0","0,0111, ","    51"," ,0,0114, ","    38"," ,0,0113, "," 105.7"," ,0,1204, ","   36.7","0,0608, ","-1.1","0,1105","-2.2","0,1213","","","","","","","0.0","0,0309","-2.8","0,0308","-10.0","0,0117","-10.0","0,0117","-10.0","0,0117","    1188.2","2","    1188.2","0","   1595.6"," ,0","       46"," ,0","     19.20","0","     25.79","0","     12.61","0","       130","X","","","","","       360","X","      11.6","X","","","","","      19.0","X"
"USW00013865","1983","32.33483","-88.75073","88.1","MERIDIAN KEY FIELD, MS US","","","    980.5","","     980.5","0","       117","0","        86","0","        24","0","        0","","         0","0","         0","0","        46","0","         2","0","       239","0","        61","0","       261"," ","        26"," ","        70"," ","  -13.3","0,1225, ","     0"," ,0,1231,+","     0","T,0,1216,+"," 105.9"," ,0,0201, ","   37.2","0,0824, ","-1.1","0,1112","-2.2","0,1129","-4.4","0,1223","-12.2","0,1224","-12.2","0,1224","-0.6","0,0325","-4.4","0,0208","-4.4","0,0208","","","","","    1265.9","9","    1265.9","0","   1795.5"," ,0","        0","T,0","     16.76","0","     23.17","0","     10.35","0","       160","X","","","","","       270","X","      13.4","X","","","","","      24.7","X"
"USW00013865","1984","32.33483","-88.75073","88.1","MERIDIAN KEY FIELD, MS US","       2.6","X","   1059.4","","    1059.4","0","       111","0","        73","0","        19","0","        0","","         0","0","         0","0","        60","0","         0","0","       261","0","        51","0","       244"," ","        31"," ","        59"," ","  -12.8","0,0122, ","     0"," ,0,1231,+","     0","T,0,1204,+"," 135.6"," ,0,1021, ","   35.0","0,0914,+","0.0","0,1112","-2.2","0,1123","-6.1","0,1207","","","","","-0.6","0,0330","-2.8","0,0310","-5.0","0,0307","-7.2","0,0301","-12.8","0,0122","    1657.2","2","    1657.2","0","   1362.5"," ,0","        0","T,0","     17.44","0","     24.29","0","     10.60","0","       170","X","","","","","       270","X","      11.6","X","","","","","      18.0","X"
"USW00013865","1985","32.33483","-88.75073","88.1","MERIDIAN KEY FIELD, MS US","       2.9","X","   1247.0","","    1247.0","0","       100","0","        66","0","        17","0","        0","","         0","0","         0","0","        65","0","         4","0","       255","0","        74","0","       265"," ","        38"," ","        51"," ","  -15.0","0,0121, ","     0","T,0,0212, ","     0","T,0,0211,+","  96.8"," ,0,0930, ","   37.8","0,0605, ","0.0","0,1106","-3.3","0,1203","-6.1","0,1214","-8.9","0,1215","-8.9","0,1215","-0.6","0,0217","-6.1","0,0216","-6.1","0,0216","-6.7","0,0203","-9.4","0,0122","    1178.0","0","    1178.0","0","   1327.5"," ,0","        0","T,0","     18.03","0","     24.37","0","     11.68","0","       270","X","","","","","       270","X","      15.6","X","","","","","      20.0","X"
"USW00013865","1986","32.33483","-88.75073","88.1","MERIDIAN KEY FIELD, MS US","       2.8","X","   1278.7","","    1278.7","0","       101","0","        71","0","        18","0","        0","","         0","0","         0","0","        47","0","         1","0","       257","0","        94","0","       262"," ","        32"," ","        60"," ","  -10.0","0,0128, ","     0"," ,0,1231,+","     0","T,0,0211, ","  64.5"," ,0,0312, ","   38.9","0,0730, ","-1.1","0,1113","-2.2","0,1114","","","","","","","-3.3","0,0323","-3.3","0,0323","-4.4","0,0322","-7.2","0,0212","-10.0","0,0128","    1295.7","7","    1295.7","0","   1254.5"," ,0","        0","T,0","     18.32","0","     24.98","0","     11.67","0","       260","X","","","","","       135","X","      14.3","X","","","","","      25.2","X"
"USW00013865","1987","32.33483","-88.75073","88.1","MERIDIAN KEY FIELD, MS US","       2.5","X","   1175.8","","    1175.8","0","       110","0","        88","0","        16","0","        2","","         3","0","         0","0","        46","0","         0","0","       257","0","        79","0","       250"," ","        18"," ","        53"," ","   -6.1","0,1217,+","    25"," ,0,0403,+","    48"," ,0,0403, "," 114.3"," ,0,0118, ","   37.8","0,0730,+","-1.7","0,1022","-3.9","0,1112","-4.4","0,1121","","","","","-1.7","0,0405","-2.2","0,0404","-5.6","0,0210","","","","","    1295.9","9","    1295.9","0","   1402.0"," ,0","      126"," ,0","     17.94","0","     24.98","0","     10.90","0","       260","X","","","","","       270","X","      13.4","X","","","","","      22.1","X"
"USW00013865","1988","32.33483","-88.75073","88.1","MERIDIAN KEY FIELD, MS US","       3.0","X","   1090.0","","    1090.0","0","       117","0","        87","0","        16","0","        0","","         0","0","         0","0","        64","0","         1","0","       253","0","        85","0","       227"," ","        21"," ","        68"," ","  -10.6","0,0207, ","     0"," ,0,1231,+","     0"," ,0,1231,+"," 108.5"," ,0,0904, ","   40.0","0,0629,+","-0.6","0,1128","-2.2","0,1129","-5.6","0,1217","-6.7","0,1218","","","-0.6","0,0320","-2.8","0,0317","-5.0","0,0316","-6.7","0,0315","-10.6","0,0207","    1418.7","7","    1418.7","0","   1447.0"," ,0","        0"," ,0","     17.37","0","     24.46","0","     10.29","0","       300","X","","","","","       360","X","      15.6","X","","","","","      28.8","X"
"USW00013865","1989","32.33483","-88.75073","88.1","MERIDIAN KEY FIELD, MS US","       3.2","X","   1172.5","","    1172.5","0","       120","0","        89","0","        23","0","        0","","         0","0","         0","0","        54","0","         3","0","       256","0","        74","0","       253"," ","        31"," ","        73"," ","  -16.7","0,1223, ","     0","T,0,1218,+","     0","T,0,1217,+","  79.2"," ,0,0329, ","   37.2","0,0902,+","0.0","0,1020","-2.8","0,1117","-6.7","0,1204","-6.7","0,1204","-9.4","0,1216","-0.6","0,0412","-4.4","0,0225","-4.4","0,0225","-7.8","0,0224","","","    1255.7","7","    1255.7","0","   1787.3"," ,0","        0","T,0","     17.65","0","     24.18","0","     11.12","0","       220","X","","","","","       225","X","      20.6","X","","","","","      28.8","X"
"USW00013865","1990","32.33483","-88.75073","88.1","MERIDIAN KEY FIELD, MS US","       2.9","X","   1347.9","","    1347.9","0","        92","0","        74","0","        22","0","        0","","         0","0","         0","0","        30","0","         0","0","       276","0","       119","0","       260"," ","        39"," ","        51"," ","   -6.7","0,1225, ","     0"," ,0,1231,+","     0","T,0,0401, "," 190.0"," ,0,0215, ","   40.6","0,0904, ","0.0","0,1026","-3.3","0,1205","-4.4","0,1224","-6.7","0,1225","","","-0.6","0,0408","-3.3","0,0114","-4.4","0,0113","","","","","    1234.1","1","    1234.1","0","   1589.5"," ,0","        0","T,0","     19.30","0","     26.74","0","     11.86","0","       320","X","","","","","       270","X","      13.9","X","","","","","      30.3","X"
"USW00013865","1991","32.33483","-88.75073","88.1","MERIDIAN KEY FIELD, MS US","       2.8","X","   1368.3","","    1368.3","0","       126","0","        89","0","        22","0","        0","","         0","0","         0","0","        36","0","         0","0","       254","0","        89","0","       259"," ","        16"," ","        65"," ","   -8.9","0,0216, ","     0"," ,0,1231,+","     0","T,0,0505,+"," 125.5"," ,0,0219, ","   36.1","0,0918,+","-0.6","0,1103","-3.9","0,1104","-4.4","0,1105","","","","","-0.6","0,0311","-8.9","0,0216","-8.9","0,0216","-8.9","0,0216","-8.9","0,0216","    1068.4","4","    1068.4","0","   1868.3"," ,0","        0","T,0","     18.88","0","     25.03","0","     12.72","0","       340","X","","","","","       135","X","      13.4","X","","","","","      20.0","X"
"USW00013865","1992","32.33483","-88.75073","88.1","MERIDIAN KEY FIELD, MS US","       2.7","X","   1132.3","","    1132.3","0","       112","0","        78","0","        24","0","        0","","         0","0","         0","0","        32","0","         0","0","       244","0","        73","0","       262"," ","        33"," ","        56"," ","   -5.6","0,0120,+","     0","T,0,0119, ","     5"," ,0,0118, "," 106.4"," ,0,0827, ","   37.2","0,0708, ","-0.6","0,1107","-2.8","0,1130","","","","","","","-1.1","0,0402","-2.8","0,0210","-5.6","0,0120","","","","","    1239.2","2","    1239.2","0","   1662.6"," ,0","        5"," ,0","     18.07","0","     24.33","0","     11.81","0","       190","X","","","","","       135","X","      18.3","X","","","","","      25.2","X"
"USW00013865","1993","32.33483","-88.75073","88.1","MERIDIAN KEY FIELD, MS US","       2.8","X","   1282.8","","    1282.8","0","       105","0","        77","0","        20","0","        2","","         2","0","         0","0","        36","0","         0","0","       226","0","        98","0","       267"," ","        21"," ","        51"," ","   -8.3","0,0314, ","   152"," ,0,0313, ","   119"," ,0,0312, ","  70.4"," ,0,1029, ","   37.8","0,0820, ","-2.2","0,1031","-2.2","0,1031","-5.0","0,1226","","","","","-3.3","0,0315","-3.3","0,0315","-8.3","0,0314","-8.3","0,0314","","","    1282.2","2","    1282.2","0","   1383.6"," ,0","      164"," ,0","     18.09","0","     24.34","0","     11.84","0","       130","X","","","","","       135","X","      11.2","X","","","","","      18.5","X"
"USW00013865","1994","32.33483","-88.75073","88.1","MERIDIAN KEY FIELD, MS US","       2.9","X","   1294.5","","    1294.5","0","       111","0","        85","0","        18","0","        0","","         0","0","         0","0","        35","0","         1","0","       262","0","        81","0","       295"," ","        20"," ","        68"," ","  -10.0","0,0119, ","     0"," ,0,1231,+","     0","T,0,0415, "," 133.4"," ,0,0127, ","   36.7","0,0830, ","-1.1","0,1201","-2.2","0,1212","","","","","","","-0.6","0,0401","-2.8","0,0214","-5.0","0,0203","-6.7","0,0202","-10.0","0,0119","    1329.7","7","    1329.7","0","   1663.2"," ,0","        0","T,0","     18.81","0","     24.96","0","     12.66","0","       160","X","","","","","        90","X","      13.4","X","","","","","      29.3","X"
"USW00013865","1995","32.33483","-88.75073","88.1","MERIDIAN KEY FIELD, MS US","       3.1","X","   1279.7","","    1279.7","0","       103","0","        74","0","        17","0","        0","","         0","0","         0","0","        55","0","         0","0","       254","0","        98","0","       284"," ","        27"," ","        66"," ","   -8.9","0,1210, ","     0"," ,0,1231,+","     0","T,0,0209, ","  92.5"," ,0,1003, ","   37.2","0,0725,+","0.0","0,1104","-2.8","0,1122","-5.0","0,1209","-8.9","0,1210","-8.9","0,1210","-0.6","0,0310","-2.2","0,0212","-6.7","0,0209","-6.7","0,0209","","","    1000.8","8","    1000.8","0","   1362.1"," ,0","        0","T,0","     18.25","0","     24.80","0","     11.70","0","","","","","","","","","","","","","","","",""
"USW00013865","1996","32.33483","-88.75073","88.1","MERIDIAN KEY FIELD, MS US","       2.9","X","   1122.1","","    1122.1","0","       113","0","        69","0","        17","0","        0","","         0","Z","         0","0","        62","0","         2","0","       248","0","        70","0","       271"," ","        53"," ","        71"," ","  -13.3","0,0205,+","     0","T,Z,0204,+","     3"," ,Z,0203,+"," 107.4"," ,0,0306, ","   37.2","0,0703, ","-0.6","0,1103","-4.4","0,1218","-4.4","0,1218","-7.8","0,1219","-9.4","0,1220","0.0","0,0410","-2.2","0,0322","-5.0","0,0311","-7.8","0,0309","-13.3","0,0205","    1590.0","0","    1590.0","0","   1340.4"," ,0","        6"," ,Z","     17.39","0","     24.05","0","     10.73","0","","","       190","X","       180","X","","","","","      21.5","X","      25.5","X","",""
"USW00013865","1997","32.33483","-88.75073","88.1","MERIDIAN KEY FIELD, MS US","       2.6","X","   1072.6","","    1072.6","0","       128","0","        87","0","        18","0","        0","","         1","Z","         0","0","        46","0","         0","0","       246","0","        67","0","       279"," ","        42"," ","        63"," ","  -10.0","0,0118, ","     0","T,Z,1215,+","    25"," ,Z,1214, ","  69.3"," ,0,0427, ","   35.6","0,0703, ","0.0","0,1109","-2.8","0,1116","-5.0","0,1117","","","","","0.0","0,0218","-2.8","0,0216","-4.4","0,0120","-10.0","0,0118","-10.0","0,0118","    1217.8","8","    1217.8","0","   1397.6"," ,0","       25"," ,Z","     17.40","0","     23.75","0","     11.04","0","","","        30","X","        30","X","","","","","      15.2","X","      23.2","X","",""
"USW00013865","1998","32.33483","-88.75073","88.1","MERIDIAN KEY FIELD, MS US","       2.6","X","   1323.5","","    1323.5","0","       117","0","        81","0","        17","0","        0","","         0","Z","         0","0","        41","0","         0","0","       250","0","       105","0","       308"," ","        61"," ","        45"," ","   -5.6","0,0312,+","     0"," ,Z,1231,+","     0","T,Z,1224,+"," 108.2"," ,0,0107, ","   36.7","0,0829,+","-1.1","0,1106","-2.8","0,1216","","","","","","","-2.2","0,0322","-2.2","0,0322","-5.6","0,0312","","","","","    1475.9","9","    1475.9","0","   1391.5"," ,0","        0","T,Z","     18.63","0","     25.05","0","     12.21","0","","","       170","X","        90","X","","","","","      16.5","X","      23.2","X","",""
"USW00013865","1999","32.33483","-88.75073","88.1","MERIDIAN KEY FIELD, MS US","       2.5","X","   1209.2","","    1209.2","0","       110","0","        65","0","        10","0","        0","","         0","Z","         0","0","        55","0","         0","0","       270","0","        85","0","       252"," ","        42"," ","        46"," ","  -11.7","0,0105, ","     0"," ,Z,1231,+","     0","T,Z,0104, ","  80.8"," ,0,1009, ","   40.0","0,0819, ","-0.6","0,1024","-3.3","0,1201","-5.0","0,1207","","","","","-1.1","0,0327","-2.2","0,0304","-5.0","0,0111","-6.7","0,0110","-11.7","0,0105","    1081.6","6","    1081.6","0","   1016.5"," ,0","        0","T,Z","     18.31","0","     25.64","0","     10.97","0","","","       300","X","       270","X","","","","","      34.0","X","      38.9","X","",""
"USW00013865","2000","32.33483","-88.75073","88.1","MERIDIAN KEY FIELD, MS US","       2.6","X","   1261.4","","    1261.4","0","        96","0","        64","0","        12","0","        0","","         0","Z","         0","0","        58","0","         0","0","       261","0","       104","0","       231"," ","        29"," ","        47"," ","  -11.1","0,1220, ","     0"," ,Z,1231,+","     0","T,Z,1231,+","  68.8"," ,0,0520, ","   41.1","0,0829,+","0.0","0,1112","-2.8","0,1115","-6.1","0,1122","-7.2","0,1218","-9.4","0,1219","-1.1","0,0409","-2.2","0,0313","-7.2","0,0206","-7.2","0,0206","","","    1189.8","8","    1189.8","0","    978.7"," ,0","        0","T,Z","     17.99","0","     25.19","0","     10.79","0","","","       340","X","       250","X","","","","","      17.0","X","      23.2","X","",""
"USW00013865","2001","32.33483","-88.75073","88.1","MERIDIAN KEY FIELD, MS US","       2.4","X","   1083.5","","    1083.5","0","       119","0","        79","0","        26","0","        0","","         0","Z","         0","0","        44","0","         0","0","       260","0","        57","0","       261"," ","        44"," ","        67"," ","  -10.0","0,0103, ","     0","T,Z,0102,+","    13"," ,Z,0101, "," 125.2"," ,0,1127, ","   36.1","0,0720,+","-1.7","0,1028","-3.3","0,1121","-5.6","0,1226","","","","","-0.6","0,0311","-2.8","0,0310","-4.4","0,0204","-8.3","0,0122","-8.9","0,0104","    1587.2","2","    1587.2","0","   1753.6"," ,0","       13"," ,Z","     17.64","0","     24.28","0","     10.99","0","","","","","","","","","","","","","","","",""
"USW00013865","2002","32.33483","-88.75073","88.1","MERIDIAN KEY FIELD, MS US","       2.7","X","   1341.9","","    1341.9","0","       119","0","        76","0","        19","0","        0","","         0","Z","         0","0","        58","0","         0","0","       244","0","       100","0","       288"," ","        50"," ","        85"," ","   -8.3","0,0228,+","     0"," ,Z,1231,+","     0","T,Z,0311,+"," 112.3"," ,0,0925, ","   37.8","0,0911,+","0.0","0,1114","-2.2","0,1128","-5.0","0,1207","","","","","-1.1","0,0323","-5.0","0,0306","-5.0","0,0306","-6.7","0,0305","","","    1292.8","8","    1292.8","0","   1498.4"," ,0","        0","T,Z","     18.20","0","     24.66","0","     11.74","0","","","        40","X","        40","X","","","","","      22.8","X","      30.0","X","",""
"USW00013865","2003","32.33483","-88.75073","88.1","MERIDIAN KEY FIELD, MS US","       2.5","X","   1086.6","","    1086.6","0","       125","0","        81","0","        20","0","        0","","         0","Z","         0","0","        62","0","         0","0","       246","0","        59","0","       271"," ","        55"," ","        83"," ","  -11.7","0,0124, ","     0"," ,Z,1231,+","     0","T,Z,0113, "," 108.5"," ,0,0424, ","   34.4","0,0825,+","0.0","0,1114","-3.9","0,1125","-5.0","0,1220","","","","","-2.2","0,0331","-2.2","0,0331","-4.4","0,0125","-11.7","0,0124","-11.7","0,0124","    1391.9","9","    1391.9","0","   1828.6"," ,0","        0","T,Z","     17.44","0","     23.77","0","     11.11","0","","","       240","X","       230","X","","","","","      16.1","X","      21.0","X","",""
"USW00013865","2004","32.33483","-88.75073","88.1","MERIDIAN KEY FIELD, MS US","       2.6","X","   1154.3","","    1154.3","0","       121","0","        87","0","        24","0","        0","","         0","Z","         0","0","        45","0","         1","0","       254","0","        47","0","       281"," ","        56"," ","        78"," ","   -6.7","0,0128, ","     0"," ,Z,1231,+","     0","T,Z,1223,+"," 101.9"," ,0,1103, ","   35.6","0,0725, ","0.0","0,1129","-2.8","0,1214","-5.6","0,1215","","","","","0.0","0,0401","-2.8","0,0218","-4.4","0,0208","-6.7","0,0128","","","    1366.8","8","    1366.8","0","   1639.8"," ,0","        0","T,Z","     17.94","0","     24.16","0","     11.72","0","","","        10","X","       360","X","","","","","      19.2","X","      24.1","X","",""
"USW00013865","2005","32.33483","-88.75073","88.1","MERIDIAN KEY FIELD, MS US","       2.6","X","   1207.2","","    1207.2","0","        96","0","        60","0","        18","0","        0","","         0","Z","         0","0","        45","0","         0","0","       253","0","        90","0","       271"," ","        50"," ","        59"," ","   -6.7","0,0124, ","     0"," ,Z,1231,+","     0"," ,Z,1231,+","  67.3"," ,0,0611, ","   36.7","0,0821, ","0.0","0,1026","-2.2","0,1130","-5.0","0,1206","","","","","-2.8","0,0302","-2.8","0,0302","-6.7","0,0124","-6.7","0,0124","","","    1199.5","5","    1199.5","0","   1280.5"," ,0","        0"," ,Z","     18.06","0","     24.86","0","     11.26","0","","","        20","X","       360","X","","","","","      17.9","X","      26.4","X","",""
"USW00013865","2006","32.33483","-88.75073","88.1","MERIDIAN KEY FIELD, MS US","       2.7","W","   1319.0","","    1319.0","0","       100","0","        65","0","        18","0","        0","","         0","Z","         0","0","        49","0","         0","0","       258","0","       119","0","       258"," ","        43"," ","        79"," ","   -8.9","0,1209, ","     0"," ,Z,1231,+","     0","T,Z,0218,+","  71.1"," ,0,0510, ","   38.9","0,0718,+","-0.6","0,1104","-3.9","0,1121","-5.6","0,1204","-7.8","0,1205","-8.9","0,1209","0.0","0,0327","-2.2","0,0227","-5.6","0,0213","","","","","    1205.5","5","    1205.5","0","   1232.8"," ,0","        0","T,Z","     18.60","0","     26.00","0","     11.20","0","","","       360","X","       360","X","","","","","      19.7","X","      24.6","X","",""
"USW00013865","2007","32.33483","-88.75073","88.1","MERIDIAN KEY FIELD, MS US","       2.3","W","   1270.3","","    1270.3","0","       100","0","        66","0","        11","0","        0","","         0","Z","         0","0","        53","0","         0","0","       271","0","        90","0","       243"," ","        37"," ","        13"," ","   -8.3","0,0129, ","     0"," ,Z,1231,+","     0","T,Z,0117,+","  56.4"," ,0,0516, ","   40.6","0,0823, ","-1.1","0,1107","-2.2","0,1108","-5.6","0,1217","","","","","0.0","0,0416","-5.0","0,0305","-5.0","0,0305","-7.2","0,0216","","","    1354.5","5","    1354.5","0","    901.6"," ,0","        0","T,Z","     18.31","0","     25.52","0","     11.10","0","","","       230","X","       220","X","","","","","      18.3","X","      27.3","X","",""
"USW00013865","2008","32.33483","-88.75073","88.1","MERIDIAN KEY FIELD, MS US","       2.5","W","   1132.3","","    1132.3","0","       115","0","        76","0","        15","0","","","","","         0","0","        63","0","         0","0","       262","0","        76","0","       275"," ","        43"," ","        27"," ","   -8.3","0,0103, ","","","","","  81.3"," ,0,0222, ","   38.3","0,0721, ","-2.2","0,1028","-2.2","0,1028","-5.0","0,1121","-6.7","0,1122","","","-0.6","0,0415","-2.8","0,0325","-5.6","0,0214","-7.2","0,0121","","","    1280.5","5","    1280.5","0","   1363.8"," ,0","","","     17.64","0","     24.46","0","     10.82","0","","","        30","X","       310","X","","","","","      18.3","X","      24.6","X","",""
"USW00013865","2009","32.33483","-88.75073","88.1","MERIDIAN KEY FIELD, MS US","       2.4","W","   1175.1","","    1175.1","0","       125","0","        88","0","        19","0","","","","","         0","0","        53","0","         0","0","       248","0","        65","0","       245"," ","        38"," ","        54"," ","   -8.3","0,0121, ","","","","","  62.7"," ,0,0523, ","   38.9","0,0628, ","0.0","0,1119","-3.3","0,1127","-4.4","0,1205","","","","","0.0","0,0408","-2.8","0,0304","-4.4","0,0220","-7.2","0,0205","","","    1295.1","1","    1295.1","0","   1469.6"," ,0","","","     17.78","0","     24.24","0","     11.31","0","","","       110","X","       110","X","","","","","      16.1","X","      25.0","X","",""
"USW00013865","2010","32.33483","-88.75073","88.1","MERIDIAN KEY FIELD, MS US","       2.3","W","   1305.4","","    1305.4","0","       111","0","        73","0","        11","0","","","","","         0","0","        73","0","         2","0","       242","0","       106","0","       208"," ","        29"," ","        43"," ","  -11.7","0,0111, ","","","","","  69.3"," ,0,0204, ","   38.9","0,0803,+","0.0","0,1030","-2.2","0,1106","-4.4","0,1206","-7.2","0,1207","","","-2.2","0,0307","-2.2","0,0307","-4.4","0,0305","-8.3","0,0113","-11.7","0,0111","    1704.1","1","    1704.1","0","   1056.2"," ,0","","","     17.23","0","     24.28","0","     10.18","0","","","       340","X","","","","","","","      15.6","X","","","",""
"USW00013865","2011","32.33483","-88.75073","88.1","MERIDIAN KEY FIELD, MS US","       2.5","W","   1219.7","","    1219.7","X","        97","X","        72","X","        16","X","","","","","         0","X","        61","X","         2","X","       259","X","        91","X","       226"," ","        36"," ","        48"," ","  -10.0","X,0211, ","","","","","  66.3"," ,X,0724, ","   37.8","X,0605, ","-0.6","X,1021","-2.8","X,1111","-5.0","X,1201","","","","","-1.1","X,0311","-4.4","X,0213","-4.4","X,0213","-7.2","X,0212","-10.0","X,0211","    1471.8","8","    1471.8","X","   1317.9"," ,X","","","     17.78","X","     24.81","X","     10.74","X","","","       350","X","       350","X","","","","","      17.0","X","      23.2","X","",""
"USW00013865","2012","32.33483","-88.75073","88.1","MERIDIAN KEY FIELD, MS US","       2.3","X","   1177.7","","    1177.7","X","       109","X","        80","X","        21","X","","","","","         0","X","        41","X","         0","X","       265","X","        64","X","       175"," ","        37"," ","        50"," ","   -6.1","X,0104, ","","","","","  85.9"," ,X,0302, ","   38.3","X,0704,+","-0.6","X,1108","-3.3","X,1125","-4.4","X,1230","","","","","0.0","X,0304","-5.6","X,0213","-5.6","X,0213","","","","","    1070.3","3","    1070.3","X","   1593.7"," ,X","","","     18.60","X","     25.25","X","     11.95","X","","","        20","X","        30","X","","","","","      17.9","X","      22.8","X","",""
"USW00013865","2013","32.33483","-88.75073","88.1","MERIDIAN KEY FIELD, MS US","       2.3","W","   1122.5","","    1122.5","W","       111","W","        87","W","        25","W","","","","","         0","W","        58","W","         0","W","       230","W","        58","W","       153"," ","         9"," ","        11"," ","   -6.0","W,1225, ","","","","","  88.4"," ,W,0210, ","   34.4","W,0910,+","0.0","W,1108","-4.9","W,1114","-4.9","W,1114","","","","","-1.1","X,0328","-2.8","X,0327","","","","","","","    1422.9","9","    1422.9","W","   1709.3"," ,W","","","     17.34","W","     23.50","W","     11.19","W","","","       340","W","       330","W","","","","","      19.2","W","      24.1","W","",""
"USW00013865","2014","32.33483","-88.75073","88.1","MERIDIAN KEY FIELD, MS US","       2.4","W","   1135.8","","    1135.8","W","       103","W","        64","W","        18","W","","","","","         0","W","        69","W","         4","W","       237","W","        72","W","       135"," ","        13"," ","        15"," ","  -14.3","W,0130, ","","","","","  98.8"," ,W,0406, ","   37.2","W,0824, ","-0.5","W,1101","-2.7","W,1102","-4.9","W,1118","","","","","-2.1","W,0326","-3.8","W,0228","-5.5","W,0227","-14.3","W,0130","-14.3","W,0130","    1614.9","9","    1614.9","W","   1377.9"," ,W","","","     17.05","W","     23.85","W","     10.25","W","","","       250","W","       270","W","","","","","      15.7","W","      19.7","W","",""
"USW00013865","2015","32.33483","-88.75073","88.1","MERIDIAN KEY FIELD, MS US","       2.6","W","   1267.2","","    1267.2","W","       122","W","        80","W","        16","W","","","","","         0","W","        49","W","         0","W","       254","W","        81","W","       181"," ","        25"," ","        71"," ","  -11.0","W,0108, ","","","",""," 110.5"," ,W,0103, ","   37.8","W,0808, ","-1.6","W,1122","-3.2","W,1123","","","","","","","-1.0","W,0308","-5.5","W,0307","-5.5","W,0307","-7.1","W,0219","-11.0","W,0108","    1413.5","5","    1413.5","W","   1505.0"," ,W","","","     18.55","W","     24.83","W","     12.28","W","","","        10","W","        10","W","","","","","      27.7","W","      33.1","W","",""
"USW00013865","2016","32.33483","-88.75073","88.1","MERIDIAN KEY FIELD, MS US","       2.5","W","   1570.5","","    1570.5","W","        95","W","        60","W","        14","W","","","","","         0","W","        46","W","         0","W","       275","W","       129","W","       122"," ","        26"," ","        75"," ","   -5.5","W,0124, ","","","","","  75.2"," ,W,0614,+","   38.9","W,0802,+","-2.1","W,1120","-2.7","W,1121","","","","","","","0.0","W,0322","-4.9","W,0210","-4.9","W,0210","","","","","    1029.3","3","    1029.3","W","   1162.5"," ,W","","","     19.68","W","     26.68","W","     12.68","W","","","       200","W","       360","W","","","","","      20.6","W","      27.3","W","",""
"USW00013865","2017","32.33483","-88.75073","88.1","MERIDIAN KEY FIELD, MS US","       2.6","W","   1383.4","","    1383.4","W","       127","W","        82","W","        20","W","","","","","         0","W","        36","W","         0","W","       286","W","        80","W","       199"," ","        38"," ","        75"," ","   -7.7","W,0108, ","","","",""," 105.7"," ,W,0807, ","   36.1","W,0720, ","0.0","W,1029","-3.2","W,1209","-4.9","W,1231","","","","","-0.5","W,0316","-6.0","W,0109","-6.0","W,0109","-7.7","W,0108","","","     772.5","5","     772.5","W","   1571.8"," ,W","","","     19.58","W","     25.88","W","     13.28","W","","","       140","W","       140","W","","","","","      15.7","W","      21.0","W","",""
"USW00013865","2018","32.33483","-88.75073","88.1","MERIDIAN KEY FIELD, MS US","       2.5","W","   1568.2","","    1568.2","W","       132","W","        88","W","        23","W","","","","","         0","W","        35","W","         1","W","       255","W","       126","W","       183"," ","        26"," ","        81"," ","  -12.1","W,0117, ","","","","","  92.2"," ,W,1227, ","   36.7","W,0712,+","0.0","W,1115","-2.7","W,1206","","","","","","","-1.0","W,0315","-3.2","W,0203","-8.2","W,0119","-8.2","W,0119","-10.5","W,0118","    1191.3","3","    1191.3","W","   1793.6"," ,W","","","     19.42","W","     25.61","W","     13.24","W","","","       240","W","       230","W","","","","","      17.0","W","      21.9","W","",""
"USW00013865","2019","32.33483","-88.75073","88.1","MERIDIAN KEY FIELD, MS US","       2.4","W","   1558.6","","    1558.6","W","       113","W","        71","W","        19","W","","","","","         0","W","        28","W","         0","W","       250","W","       125","W","       160"," ","        28"," ","        75"," ","   -5.5","W,1113, ","","","",""," 121.2"," ,W,1025, ","   39.4","W,0917, ","-0.5","W,1109","-2.7","W,1112","-5.5","W,1113","","","","","-1.0","W,0307","-3.2","W,0306","","","","","","","    1087.1","1","    1087.1","W","   1540.4"," ,W","","","     19.66","W","     26.05","W","     13.27","W","","","        10","W","       360","W","","","","","      19.2","W","      23.7","W","",""
"USW00013865","2020","32.33483","-88.75073","88.1","MERIDIAN KEY FIELD, MS US","       2.6","W","   1369.4","","    1369.4","W","       123","W","        85","W","        24","W","","","","","         0","W","        28","W","         0","W","       275","W","        87","W","       167"," ","        17"," ","        73"," ","   -4.9","W,1226, ","","","",""," 100.6"," ,W,0304, ","   36.7","W,0810,+","-0.5","W,1124","-3.8","W,1201","-4.9","W,1226","","","","","-0.5","W,0228","-2.7","W,0122","","","","","","","     953.3","3","     953.3","W","   1784.1"," ,W","","","     19.45","W","     25.66","W","     13.25","W","","","       240","W","       310","W","","","","","      17.0","W","      24.6","W","",""
"USW00013865","2021","32.33483","-88.75073","88.1","MERIDIAN KEY FIELD, MS US","       2.4","W","   1201.2","","    1201.2","W","       143","W","        90","W","        22","W","","","","","         0","W","        40","W","         1","W","       273","W","        50","W","       196"," ","        27"," ","        76"," ","   -9.9","W,0216, ","","","","","  88.4"," ,W,0316, ","   36.7","W,0729, ","0.0","W,1114","","","","","","","","","-1.0","W,0308","-3.2","W,0221","-5.5","W,0220","-8.2","W,0217","-9.9","W,0216","    1231.8","8","    1231.8","W","   1724.0"," ,W","","","     18.46","W","     24.61","W","     12.31","W","","","       350","W","       270","W","","","","","      18.3","W","      27.3","W","",""
"USW00013865","2022","32.33483","-88.75073","88.1","MERIDIAN KEY FIELD, MS US","       2.5","W","   1402.8","","    1402.8","W","       104","W","        73","W","        19","W","        0","","         0","W","         0","W","        58","W","         1","W","       271","W","       100","W","       148"," ","        26"," ","        76"," ","  -11.0","W,1223, ","     0"," ,W,1231,+","     0","T,W,1121,+"," 117.1"," ,W,0824, ","   40.0","W,0625, ","-0.5","W,1019","-2.7","W,1117","-11.0","W,1223","-11.0","W,1223","-11.0","W,1223","-0.5","W,0314","-3.8","W,0313","-7.1","W,0123","-7.1","W,0123","","","    1058.8","8","    1058.8","W","   1369.1"," ,W","        0","T,W","     18.90","W","     25.69","W","     12.10","W","","","       280","W","       290","W","","","","","      19.2","W","      28.6","W","",""
"USW00013865","2023","32.33483","-88.75073","88.1","MERIDIAN KEY FIELD, MS US","       2.4","W","   1453.6","","    1453.6","W","       123","W","        80","W","        19","W","        0","","         0","W","         0","W","        38","W","         0","W","       271","W","       104","W","       147"," ","        25"," ","        73"," ","   -3.8","W,0320, ","     0"," ,W,1231,+","     0"," ,W,1231,+","  85.6"," ,W,0216, ","   40.0","W,0826,+","-1.6","W,1101","-3.2","W,1102","","","","","","","-1.0","W,0321","-3.8","W,0320","","","","","","","     963.5","5","     963.5","W","   1392.6"," ,W","        0"," ,W","     19.65","W","     26.32","W","     12.98","W","","","       310","W","       300","W","","","","","      19.2","W","      26.8","W","",""
"USW00013865","2024","32.33483","-88.75073","88.1","MERIDIAN KEY FIELD, MS US","","","","","","","","","","","","","","","","","","","","","","","","","","","        74"," ","        19"," ","        32"," ","","","","","","","","","","","","","","","","","","","","","","","","","","","","","","","","","","","","","","","","","","","","","","","","","","","","","","","","","","","",""
